seq,time_server,time_ist,event,symbol,tf,trade_id,direction,exit_mode,ist_session,flip_from,entry_price,init_sl,cur_sl,sl_distance,sl_factor,tp_unit,tp1,tp2,tp3,tp4,tp5,lots_initial,lots_event,lots_remaining,event_price,r_target,r_realized,profit,ema9,ema21,ema50,ema9_prev,ema21_prev,ema21_50_gap_atr,atr,adx,rsi,rsi_m5,macd_main,macd_signal,macd_hist,vwap,close,volume,vol_avg,bull_pct,bear_pct,spread_pts,qfilter_on,qf_flags,mfe_r,mae_r,balance,equity,note
1,2025.01.03 09:35:00,2025.01.03 12:05:00,SKIP,XAUUSD,M5,0,FLAT,NA,DAY,0,0.00,0.00,0.00,0.00,1.00,0.00,0.00,0.00,0.00,0.00,0.00,0.00,0.00,0.00,0.00,0.00,0.00,0.00,2658.77,2658.80,2655.39,2658.99,2658.91,2.119,1.61,38.40,31.32,31.32,-1.70,-1.00,-0.70,2659.84,2653.46,627,518,14.3,85.7,12,1,NA,0.00,0.00,25000.00,25000.00,outside the killzone window
2,2025.01.06 13:50:00,2025.01.06 16:20:00,SKIP,XAUUSD,M5,0,FLAT,NA,EVENING,0,0.00,0.00,0.00,0.00,1.00,0.00,0.00,0.00,0.00,0.00,0.00,0.00,0.00,0.00,0.00,0.00,0.00,0.00,2635.76,2635.55,2638.05,2635.30,2635.32,-0.835,2.99,49.54,71.18,71.18,3.89,2.21,1.68,2637.15,2647.08,1330,889,85.7,14.3,9,1,NA,0.00,0.00,25000.00,25000.00,outside the killzone window
3,2025.01.06 16:15:00,2025.01.06 18:45:00,SKIP,XAUUSD,M5,0,FLAT,NA,EVENING,0,0.00,0.00,0.00,0.00,1.00,0.00,0.00,0.00,0.00,0.00,0.00,0.00,0.00,0.00,0.00,0.00,0.00,0.00,2636.70,2636.76,2638.25,2637.10,2636.95,-0.341,4.38,36.52,34.04,34.04,-4.32,-2.69,-1.63,2637.43,2626.99,1453,1364,0.0,100.0,11,1,NA,0.00,0.00,25000.00,25000.00,outside the killzone window
4,2025.01.06 19:00:00,2025.01.06 21:30:00,SKIP,XAUUSD,M5,0,FLAT,NA,EVENING,0,0.00,0.00,0.00,0.00,1.00,0.00,0.00,0.00,0.00,0.00,0.00,0.00,0.00,0.00,0.00,0.00,0.00,0.00,2635.66,2635.64,2637.06,2635.45,2635.54,-0.641,2.21,36.96,62.11,62.11,1.86,1.49,0.37,2635.99,2640.74,717,1210,85.7,0.0,12,1,NA,0.00,0.00,25000.00,25000.00,outside the killzone window
5,2025.01.06 21:20:00,2025.01.06 23:50:00,SKIP,XAUUSD,M5,0,FLAT,NA,EVENING,0,0.00,0.00,0.00,0.00,1.00,0.00,0.00,0.00,0.00,0.00,0.00,0.00,0.00,0.00,0.00,0.00,0.00,0.00,2635.80,2635.82,2636.84,2635.86,2635.86,-0.651,1.56,27.49,43.55,43.55,-0.62,-0.37,-0.25,2636.03,2634.12,626,671,0.0,85.7,12,1,NA,0.00,0.00,25000.00,25000.00,outside the killzone window
6,2025.01.07 03:40:00,2025.01.07 06:10:00,ENTRY,XAUUSD,M5,2,BUY,FULLTGT,DAY,0,2639.05,2635.89,2635.89,3.16,1.00,3.16,2642.21,2645.36,2648.52,2651.67,2654.83,0.39,0.39,0.39,2639.05,0.00,0.00,0.00,2635.51,2635.44,2636.07,2635.37,2635.37,-0.398,1.58,36.77,66.63,66.63,0.91,0.39,0.53,2635.98,2638.92,819,499,100.0,0.0,13,1,CROSS=EMA9>EMA21;TREND=1;STRUCT=1;VOL=1;COOL=1;EMA50=1;VWAP=1;BIAS=1,0.00,0.00,24998.63,24993.56,KZ=ASIA; KZR=Asia L @ 2631.10 231 bars ago (low taken); DAY 12AM-4PM IST session: stop x1.00 of usual; no partials; full size to TP5; SL steps BE->TP1->TP2->TP3
7,2025.01.07 07:22:26,2025.01.07 09:52:26,TP1_REACHED,XAUUSD,M5,2,BUY,FULLTGT,DAY,0,2639.05,2635.89,2635.89,3.16,1.00,3.16,2642.21,2645.36,2648.52,2651.67,2654.83,0.39,0.00,0.39,2642.21,1.00,1.00,0.00,2638.20,2637.37,2637.01,2638.10,2637.30,0.380,0.93,23.82,66.60,66.60,0.28,0.08,0.20,2637.59,2640.78,369,268,85.7,0.0,13,1,CROSS=EMA9>EMA21;TREND=1;STRUCT=1;VOL=1;COOL=1;EMA50=1;VWAP=1;BIAS=1,0.99,-0.66,24998.63,25123.04,full target: no partial booked
8,2025.01.07 07:39:38,2025.01.07 10:09:38,TP2_REACHED,XAUUSD,M5,2,BUY,FULLTGT,DAY,0,2639.05,2635.89,2635.89,3.16,1.00,3.16,2642.21,2645.36,2648.52,2651.67,2654.83,0.39,0.00,0.39,2645.36,2.00,2.00,0.00,2638.80,2637.72,2637.20,2638.60,2637.60,0.416,1.25,37.62,76.59,76.59,1.07,0.35,0.72,2638.03,2643.72,1082,351,100.0,0.0,12,1,CROSS=EMA9>EMA21;TREND=1;STRUCT=1;VOL=1;COOL=1;EMA50=1;VWAP=1;BIAS=1,2.00,-0.66,24998.63,25245.50,full target: no partial booked
9,2025.01.07 13:53:40,2025.01.07 16:23:40,TP3_REACHED,XAUUSD,M5,2,BUY,FULLTGT,EVENING,0,2639.05,2635.89,2635.89,3.16,1.00,3.16,2642.21,2645.36,2648.52,2651.67,2654.83,0.39,0.00,0.39,2648.52,3.00,3.00,0.00,2643.38,2642.01,2640.31,2643.22,2641.90,1.197,1.42,25.16,63.36,63.36,0.96,0.77,0.19,2640.87,2647.15,524,467,100.0,0.0,6,1,CROSS=EMA9>EMA21;TREND=1;STRUCT=1;VOL=1;COOL=1;EMA50=1;VWAP=1;BIAS=1,2.99,-0.66,24998.63,25367.96,full target: no partial booked
10,2025.01.07 14:40:39,2025.01.07 17:10:39,TP4_REACHED,XAUUSD,M5,2,BUY,FULLTGT,EVENING,0,2639.05,2635.89,2635.89,3.16,1.00,3.16,2642.21,2645.36,2648.52,2651.67,2654.83,0.39,0.00,0.39,2651.67,4.00,4.00,0.00,2645.11,2643.21,2641.10,2644.98,2643.10,1.276,1.65,41.40,59.12,59.12,1.37,1.44,-0.07,2641.48,2648.41,442,551,71.4,14.3,7,1,CROSS=EMA9>EMA21;TREND=1;STRUCT=1;VOL=1;COOL=1;EMA50=1;VWAP=1;BIAS=1,3.98,-0.66,24998.63,25491.59,full target: no partial booked
11,2025.01.07 15:12:15,2025.01.07 17:42:15,TP5_EXIT,XAUUSD,M5,2,BUY,FULLTGT,EVENING,0,2639.05,2635.89,2635.89,3.16,1.00,3.16,2642.21,2645.36,2648.52,2651.67,2654.83,0.39,0.39,0.00,2654.84,5.00,5.00,0.00,2646.52,2644.16,2641.71,2646.24,2643.98,1.112,2.20,55.84,73.75,73.75,1.97,1.59,0.38,2642.16,2653.26,1482,698,100.0,0.0,6,1,CROSS=EMA9>EMA21;TREND=1;STRUCT=1;VOL=1;COOL=1;EMA50=1;VWAP=1;BIAS=1,4.98,-0.66,25613.07,25613.07,full target reached; closed in full
12,2025.01.07 15:12:15,2025.01.07 17:42:15,EXIT_TP,XAUUSD,M5,2,BUY,FULLTGT,EVENING,0,2639.05,2635.89,2635.89,3.16,1.00,3.16,2642.21,2645.36,2648.52,2651.67,2654.83,0.39,0.39,0.00,2654.84,0.00,5.00,613.07,2646.52,2644.16,2641.71,2646.24,2643.98,1.112,2.20,55.84,73.75,73.75,1.97,1.59,0.38,2642.16,2653.26,1482,698,100.0,0.0,6,1,CROSS=EMA9>EMA21;TREND=1;STRUCT=1;VOL=1;COOL=1;EMA50=1;VWAP=1;BIAS=1,4.98,-0.66,25613.07,25613.07,TP5 exit
13,2025.01.07 22:40:00,2025.01.08 01:10:00,SKIP,XAUUSD,M5,2,FLAT,NA,DAY,0,0.00,0.00,0.00,0.00,1.00,0.00,0.00,0.00,0.00,0.00,0.00,0.00,0.00,0.00,0.00,0.00,0.00,0.00,2649.85,2649.86,2647.66,2649.93,2649.90,1.935,1.14,31.85,41.72,41.72,-0.53,-0.51,-0.02,2648.03,2647.94,675,607,14.3,85.7,12,1,CROSS=EMA9>EMA21;TREND=1;STRUCT=1;VOL=1;COOL=1;EMA50=1;VWAP=1;BIAS=1,0.00,0.00,25613.07,25613.07,outside the killzone window
14,2025.01.08 01:00:00,2025.01.08 03:30:00,DAY_SUMMARY,XAUUSD,M5,2,FLAT,NA,DAY,0,0.00,0.00,0.00,0.00,1.00,0.00,0.00,0.00,0.00,0.00,0.00,0.00,0.00,0.00,0.00,0.00,5.00,613.07,2649.69,2649.78,2647.94,2649.74,2649.80,2.255,0.82,30.83,42.42,42.42,-0.08,0.10,-0.17,2648.06,2648.42,106,323,14.3,71.4,12,1,CROSS=EMA9>EMA21;TREND=1;STRUCT=1;VOL=1;COOL=1;EMA50=1;VWAP=1;BIAS=1,0.00,0.00,25613.07,25613.07,2025.01.07 trades=1 W=1 L=0 gross_profit=613.07 gross_loss=0.00 net=613.07 PF=0.00
15,2025.01.08 02:45:00,2025.01.08 05:15:00,SKIP,XAUUSD,M5,2,FLAT,NA,DAY,0,0.00,0.00,0.00,0.00,1.00,0.00,0.00,0.00,0.00,0.00,0.00,0.00,0.00,0.00,0.00,0.00,0.00,0.00,2649.81,2649.78,2648.28,2649.76,2649.76,1.817,0.83,25.83,62.63,62.63,0.44,0.25,0.19,2649.84,2651.05,283,186,100.0,0.0,8,1,CROSS=EMA9>EMA21;TREND=1;STRUCT=1;VOL=1;COOL=1;EMA50=1;VWAP=1;BIAS=1,0.00,0.00,25613.07,25613.07,outside the killzone window
16,2025.01.08 03:20:00,2025.01.08 05:50:00,ENTRY,XAUUSD,M5,4,SELL,FULLTGT,DAY,0,2648.14,2650.24,2650.24,2.10,1.00,2.10,2646.04,2643.93,2641.83,2639.72,2637.62,0.60,0.60,0.60,2648.14,0.00,0.00,0.00,2649.76,2649.77,2648.37,2649.82,2649.80,1.324,1.05,25.52,36.99,36.99,-0.09,0.29,-0.38,2649.59,2648.17,655,360,0.0,100.0,11,1,CROSS=EMA9<EMA21;TREND=1;STRUCT=1;VOL=1;COOL=1;EMA50=1;VWAP=1;BIAS=1,0.00,0.00,25610.97,25604.37,KZ=ASIA; KZR=Asia L @ 2631.10 515 bars ago (low taken); DAY 12AM-4PM IST session: stop x1.00 of usual; no partials; full size to TP5; SL steps BE->TP1->TP2->TP3
17,2025.01.08 04:52:39,2025.01.08 07:22:39,EXIT_SL,XAUUSD,M5,4,SELL,FULLTGT,DAY,0,2648.14,2650.24,2650.24,2.10,1.00,2.10,2646.04,2643.93,2641.83,2639.72,2637.62,0.60,0.60,0.00,2650.25,0.00,-1.00,-130.80,2648.84,2649.23,2648.31,2648.84,2649.24,0.759,1.21,34.78,53.90,53.90,-0.41,-0.50,0.09,2648.78,2649.01,467,534,71.4,14.3,10,1,CROSS=EMA9<EMA21;TREND=1;STRUCT=1;VOL=1;COOL=1;EMA50=1;VWAP=1;BIAS=1,1.04,-0.99,25482.27,25482.27,stopped at the initial SL (x1.00 of usual)
18,2025.01.08 08:30:00,2025.01.08 11:00:00,SKIP,XAUUSD,M5,4,FLAT,NA,DAY,0,0.00,0.00,0.00,0.00,1.00,0.00,0.00,0.00,0.00,0.00,0.00,0.00,0.00,0.00,0.00,0.00,0.00,0.00,2648.79,2648.79,2648.32,2648.67,2648.73,0.403,1.16,38.66,71.50,71.50,1.02,0.74,0.28,2648.73,2651.68,641,462,85.7,14.3,13,1,CROSS=EMA9<EMA21;TREND=1;STRUCT=1;VOL=1;COOL=1;EMA50=1;VWAP=1;BIAS=1,0.00,0.00,25482.27,25482.27,outside the killzone window
19,2025.01.09 01:00:00,2025.01.09 03:30:00,DAY_SUMMARY,XAUUSD,M5,4,FLAT,NA,DAY,0,0.00,0.00,0.00,0.00,1.00,0.00,0.00,0.00,0.00,0.00,0.00,0.00,0.00,0.00,0.00,0.00,-1.00,-130.80,2660.62,2659.63,2657.26,2660.59,2659.59,1.873,1.26,27.30,51.31,51.31,0.67,1.08,-0.40,2656.33,2661.44,187,359,71.4,14.3,11,1,CROSS=EMA9<EMA21;TREND=1;STRUCT=1;VOL=1;COOL=1;EMA50=1;VWAP=1;BIAS=1,0.00,0.00,25482.27,25482.27,2025.01.08 trades=1 W=0 L=1 gross_profit=0.00 gross_loss=130.80 net=-130.80 PF=0.00
20,2025.01.09 04:30:00,2025.01.09 07:00:00,SKIP,XAUUSD,M5,4,FLAT,NA,DAY,0,0.00,0.00,0.00,0.00,1.00,0.00,0.00,0.00,0.00,0.00,0.00,0.00,0.00,0.00,0.00,0.00,0.00,0.00,2659.73,2659.77,2658.23,2659.84,2659.83,1.190,1.30,36.56,33.53,33.53,-0.81,-0.63,-0.18,2659.62,2657.05,302,514,0.0,85.7,8,1,CROSS=EMA9<EMA21;TREND=1;STRUCT=1;VOL=1;COOL=1;EMA50=1;VWAP=1;BIAS=1,0.00,0.00,25482.27,25482.27,already positioned that way
21,2025.01.09 05:50:00,2025.01.09 08:20:00,ENTRY,XAUUSD,M5,6,BUY,FULLTGT,DAY,0,2660.69,2658.53,2658.53,2.16,1.00,2.16,2662.85,2665.02,2667.18,2669.35,2671.51,0.58,0.58,0.58,2660.69,0.00,0.00,0.00,2659.73,2659.73,2658.42,2659.69,2659.71,1.207,1.08,37.32,56.46,56.46,0.53,0.21,0.32,2659.48,2660.63,246,422,85.7,0.0,8,1,CROSS=EMA9>EMA21;TREND=1;STRUCT=1;VOL=1;COOL=1;EMA50=1;VWAP=1;BIAS=1,0.00,0.00,25480.24,25475.60,KZ=ASIA; KZR=Asia H @ 2665.36 159 bars ago (high taken); DAY 12AM-4PM IST session: stop x1.00 of usual; no partials; full size to TP5; SL steps BE->TP1->TP2->TP3
22,2025.01.09 06:05:00,2025.01.09 08:35:00,SKIP,XAUUSD,M5,6,BUY,FULLTGT,DAY,0,2660.69,2658.53,2658.53,2.16,1.00,2.16,2662.85,2665.02,2667.18,2669.35,2671.51,0.58,0.00,0.00,0.00,0.00,0.00,0.00,2659.69,2659.71,2658.45,2659.73,2659.73,1.186,1.06,29.68,45.05,45.05,0.26,0.35,-0.10,2659.48,2658.89,274,400,0.0,85.7,8,1,CROSS=EMA9<EMA21;TREND=1;STRUCT=1;VOL=1;COOL=0;EMA50=1;VWAP=1;BIAS=1,0.00,-0.89,25480.24,25374.68,quality filter
23,2025.01.09 06:06:59,2025.01.09 08:36:59,EXIT_SL,XAUUSD,M5,6,BUY,FULLTGT,DAY,0,2660.69,2658.53,2658.53,2.16,1.00,2.16,2662.85,2665.02,2667.18,2669.35,2671.51,0.58,0.58,0.00,2658.52,0.00,-1.00,-129.92,2659.69,2659.71,2658.45,2659.73,2659.73,1.186,1.06,29.68,45.05,45.05,0.26,0.35,-0.10,2659.48,2658.89,274,400,0.0,85.7,8,1,CROSS=EMA9<EMA21;TREND=1;STRUCT=1;VOL=1;COOL=0;EMA50=1;VWAP=1;BIAS=1,0.00,-0.98,25352.35,25352.35,stopped at the initial SL (x1.00 of usual)
24,2025.01.09 08:45:00,2025.01.09 11:15:00,SKIP,XAUUSD,M5,6,FLAT,NA,DAY,0,0.00,0.00,0.00,0.00,1.00,0.00,0.00,0.00,0.00,0.00,0.00,0.00,0.00,0.00,0.00,0.00,0.00,0.00,2659.58,2659.51,2658.65,2659.40,2659.42,0.694,1.25,32.79,75.53,75.53,0.95,0.30,0.64,2659.41,2664.12,553,436,100.0,0.0,10,1,CROSS=EMA9<EMA21;TREND=1;STRUCT=1;VOL=1;COOL=0;EMA50=1;VWAP=1;BIAS=1,0.00,0.00,25352.35,25352.35,outside the killzone window
25,2025.01.09 20:05:00,2025.01.09 22:35:00,SKIP,XAUUSD,M5,6,FLAT,NA,EVENING,0,0.00,0.00,0.00,0.00,1.00,0.00,0.00,0.00,0.00,0.00,0.00,0.00,0.00,0.00,0.00,0.00,0.00,0.00,2668.63,2668.65,2666.48,2668.74,2668.70,1.135,1.91,34.14,44.94,44.94,-1.36,-1.69,0.33,2666.59,2666.10,499,622,14.3,71.4,10,1,CROSS=EMA9<EMA21;TREND=1;STRUCT=1;VOL=1;COOL=0;EMA50=1;VWAP=1;BIAS=1,0.00,0.00,25352.35,25352.35,outside the killzone window
26,2025.01.09 20:25:00,2025.01.09 22:55:00,SKIP,XAUUSD,M5,6,FLAT,NA,EVENING,0,0.00,0.00,0.00,0.00,1.00,0.00,0.00,0.00,0.00,0.00,0.00,0.00,0.00,0.00,0.00,0.00,0.00,0.00,2668.72,2668.69,2666.59,2668.62,2668.64,1.213,1.74,30.22,62.52,62.52,-0.17,-1.23,1.06,2666.63,2671.04,704,637,100.0,0.0,12,1,CROSS=EMA9<EMA21;TREND=1;STRUCT=1;VOL=1;COOL=0;EMA50=1;VWAP=1;BIAS=1,0.00,0.00,25352.35,25352.35,outside the killzone window
27,2025.01.10 01:00:00,2025.01.10 03:30:00,DAY_SUMMARY,XAUUSD,M5,6,FLAT,NA,DAY,0,0.00,0.00,0.00,0.00,1.00,0.00,0.00,0.00,0.00,0.00,0.00,0.00,0.00,0.00,0.00,0.00,-1.00,-129.92,2669.73,2669.44,2667.79,2669.71,2669.42,2.827,0.59,18.55,56.24,56.24,0.13,-0.00,0.14,2666.97,2670.34,151,173,71.4,0.0,12,1,CROSS=EMA9<EMA21;TREND=1;STRUCT=1;VOL=1;COOL=0;EMA50=1;VWAP=1;BIAS=1,0.00,0.00,25352.35,25352.35,2025.01.09 trades=1 W=0 L=1 gross_profit=0.00 gross_loss=129.92 net=-129.92 PF=0.00
28,2025.01.13 01:00:00,2025.01.13 03:30:00,WEEK_SUMMARY,XAUUSD,M5,6,FLAT,NA,DAY,0,0.00,0.00,0.00,0.00,1.00,0.00,0.00,0.00,0.00,0.00,0.00,0.00,0.00,0.00,0.00,0.00,3.00,352.35,2689.60,2688.26,2684.58,2689.63,2688.25,2.806,1.31,25.98,44.81,44.81,0.14,0.60,-0.45,2683.40,2688.96,59,476,28.6,57.1,13,1,CROSS=EMA9<EMA21;TREND=1;STRUCT=1;VOL=1;COOL=0;EMA50=1;VWAP=1;BIAS=1,0.00,0.00,25352.35,25352.35,days=3 trades=3 W=1 L=2 gross_profit=613.07 gross_loss=260.72 net=352.35 PF=2.35 pips=1151.0
29,2025.01.13 03:40:00,2025.01.13 06:10:00,ENTRY,XAUUSD,M5,8,SELL,FULLTGT,DAY,0,2682.55,2686.87,2686.87,4.32,1.00,4.32,2678.23,2673.91,2669.59,2665.26,2660.94,0.29,0.29,0.29,2682.55,0.00,0.00,0.00,2687.95,2688.06,2685.54,2688.18,2688.17,1.166,2.16,36.21,33.05,33.05,-2.28,-1.36,-0.92,2685.90,2682.53,1159,754,14.3,85.7,12,1,CROSS=EMA9<EMA21;TREND=1;STRUCT=1;VOL=1;COOL=1;EMA50=1;VWAP=1;BIAS=1,0.00,0.00,25351.33,25347.85,KZ=ASIA; KZR=Asia H @ 2675.94 805 bars ago (high taken); DAY 12AM-4PM IST session: stop x1.00 of usual; no partials; full size to TP5; SL steps BE->TP1->TP2->TP3
30,2025.01.13 04:01:40,2025.01.13 06:31:40,EXIT_SL,XAUUSD,M5,8,SELL,FULLTGT,DAY,0,2682.55,2686.87,2686.87,4.32,1.00,4.32,2678.23,2673.91,2669.59,2665.26,2660.94,0.29,0.29,0.00,2686.88,0.00,-1.00,-127.61,2687.49,2687.81,2685.51,2687.56,2687.85,0.961,2.39,26.81,48.11,48.11,-1.51,-1.96,0.45,2685.67,2685.78,1128,895,28.6,71.4,9,1,CROSS=EMA9<EMA21;TREND=1;STRUCT=1;VOL=1;COOL=1;EMA50=1;VWAP=1;BIAS=1,0.02,-1.00,25224.74,25224.74,stopped at the initial SL (x1.00 of usual)
31,2025.01.13 08:50:00,2025.01.13 11:20:00,SKIP,XAUUSD,M5,8,FLAT,NA,DAY,0,0.00,0.00,0.00,0.00,1.00,0.00,0.00,0.00,0.00,0.00,0.00,0.00,0.00,0.00,0.00,0.00,0.00,0.00,2687.62,2687.62,2686.40,2687.52,2687.57,0.952,1.28,42.80,62.14,62.14,1.06,0.65,0.42,2686.76,2690.05,526,678,85.7,0.0,9,1,CROSS=EMA9<EMA21;TREND=1;STRUCT=1;VOL=1;COOL=1;EMA50=1;VWAP=1;BIAS=1,0.00,0.00,25224.74,25224.74,outside the killzone window
32,2025.01.13 10:00:00,2025.01.13 12:30:00,SKIP,XAUUSD,M5,8,FLAT,NA,DAY,0,0.00,0.00,0.00,0.00,1.00,0.00,0.00,0.00,0.00,0.00,0.00,0.00,0.00,0.00,0.00,0.00,0.00,0.00,2687.62,2687.65,2686.58,2687.72,2687.70,0.737,1.45,44.38,33.17,33.17,-0.54,0.12,-0.67,2686.94,2685.18,669,741,0.0,85.7,9,1,CROSS=EMA9<EMA21;TREND=1;STRUCT=1;VOL=1;COOL=1;EMA50=1;VWAP=1;BIAS=1,0.00,0.00,25224.74,25224.74,outside the killzone window
33,2025.01.13 10:45:00,2025.01.13 13:15:00,SKIP,XAUUSD,M5,8,FLAT,NA,DAY,0,0.00,0.00,0.00,0.00,1.00,0.00,0.00,0.00,0.00,0.00,0.00,0.00,0.00,0.00,0.00,0.00,0.00,0.00,2687.73,2687.70,2686.70,2687.67,2687.67,0.457,2.20,21.73,56.53,56.53,0.07,-0.21,0.28,2687.00,2689.30,774,891,71.4,0.0,7,1,CROSS=EMA9<EMA21;TREND=1;STRUCT=1;VOL=1;COOL=1;EMA50=1;VWAP=1;BIAS=1,0.00,0.00,25224.74,25224.74,outside the killzone window
34,2025.01.13 10:50:00,2025.01.13 13:20:00,SKIP,XAUUSD,M5,8,FLAT,NA,DAY,0,0.00,0.00,0.00,0.00,1.00,0.00,0.00,0.00,0.00,0.00,0.00,0.00,0.00,0.00,0.00,0.00,0.00,0.00,2687.67,2687.68,2686.70,2687.73,2687.70,0.436,2.25,21.38,44.91,44.91,-0.06,-0.17,0.12,2687.01,2686.33,786,894,14.3,57.1,7,1,CROSS=EMA9<EMA21;TREND=1;STRUCT=1;VOL=1;COOL=1;EMA50=1;VWAP=1;BIAS=1,0.00,0.00,25224.74,25224.74,outside the killzone window
35,2025.01.14 01:00:00,2025.01.14 03:30:00,DAY_SUMMARY,XAUUSD,M5,8,FLAT,NA,DAY,0,0.00,0.00,0.00,0.00,1.00,0.00,0.00,0.00,0.00,0.00,0.00,0.00,0.00,0.00,0.00,0.00,-1.00,-127.61,2661.67,2664.30,2669.78,2661.62,2664.33,-6.248,0.88,29.40,60.67,60.67,0.74,0.61,0.12,2676.44,2662.98,281,252,57.1,42.9,13,1,CROSS=EMA9<EMA21;TREND=1;STRUCT=1;VOL=1;COOL=1;EMA50=1;VWAP=1;BIAS=1,0.00,0.00,25224.74,25224.74,2025.01.13 trades=1 W=0 L=1 gross_profit=0.00 gross_loss=127.61 net=-127.61 PF=0.00
36,2025.01.14 03:00:00,2025.01.14 05:30:00,ENTRY,XAUUSD,M5,10,BUY,FULLTGT,DAY,0,2670.52,2668.07,2668.07,2.45,1.00,2.45,2672.97,2675.42,2677.87,2680.31,2682.76,0.51,0.51,0.51,2670.52,0.00,0.00,0.00,2665.76,2665.74,2669.39,2665.57,2665.64,-2.982,1.22,39.20,69.47,69.47,1.71,1.61,0.10,2668.00,2670.44,635,304,85.7,14.3,9,1,CROSS=EMA9>EMA21;TREND=1;STRUCT=1;VOL=1;COOL=1;EMA50=1;VWAP=1;BIAS=1,0.00,0.00,25222.95,25218.36,KZ=ASIA; KZR=Asia H @ 2690.76 223 bars ago (high taken); DAY 12AM-4PM IST session: stop x1.00 of usual; no partials; full size to TP5; SL steps BE->TP1->TP2->TP3
37,2025.01.14 03:35:39,2025.01.14 06:05:39,EXIT_SL,XAUUSD,M5,10,BUY,FULLTGT,DAY,0,2670.52,2668.07,2668.07,2.45,1.00,2.45,2672.97,2675.42,2677.87,2680.31,2682.76,0.51,0.51,0.00,2668.06,0.00,-1.00,-129.04,2666.96,2666.38,2669.48,2666.85,2666.32,-2.359,1.31,27.63,55.55,55.55,1.28,1.63,-0.35,2669.35,2669.56,919,533,71.4,28.6,13,1,CROSS=EMA9>EMA21;TREND=1;STRUCT=1;VOL=1;COOL=1;EMA50=1;VWAP=1;BIAS=1,0.69,-0.99,25095.70,25095.70,stopped at the initial SL (x1.00 of usual)
38,2025.01.14 12:20:00,2025.01.14 14:50:00,SKIP,XAUUSD,M5,10,FLAT,NA,DAY,0,0.00,0.00,0.00,0.00,1.00,0.00,0.00,0.00,0.00,0.00,0.00,0.00,0.00,0.00,0.00,0.00,0.00,0.00,2669.20,2669.22,2669.69,2669.34,2669.29,-0.263,1.79,33.71,35.30,35.30,-1.01,-0.81,-0.20,2669.86,2665.60,1025,797,0.0,100.0,5,1,CROSS=EMA9>EMA21;TREND=1;STRUCT=1;VOL=1;COOL=1;EMA50=1;VWAP=1;BIAS=1,0.00,0.00,25095.70,25095.70,outside the killzone window
39,2025.01.14 18:05:00,2025.01.14 20:35:00,SKIP,XAUUSD,M5,10,FLAT,NA,EVENING,0,0.00,0.00,0.00,0.00,1.00,0.00,0.00,0.00,0.00,0.00,0.00,0.00,0.00,0.00,0.00,0.00,0.00,0.00,2667.93,2667.91,2668.51,2667.78,2667.83,-0.272,2.22,40.47,60.89,60.89,1.63,1.49,0.14,2668.48,2671.59,1067,1364,85.7,0.0,7,1,CROSS=EMA9>EMA21;TREND=1;STRUCT=1;VOL=1;COOL=1;EMA50=1;VWAP=1;BIAS=1,0.00,0.00,25095.70,25095.70,outside the killzone window
40,2025.01.15 01:00:00,2025.01.15 03:30:00,DAY_SUMMARY,XAUUSD,M5,10,FLAT,NA,DAY,0,0.00,0.00,0.00,0.00,1.00,0.00,0.00,0.00,0.00,0.00,0.00,0.00,0.00,0.00,0.00,0.00,-1.00,-129.04,2674.07,2672.22,2670.86,2673.94,2672.11,1.484,0.91,41.40,61.99,61.99,1.12,1.13,-0.00,2669.21,2677.37,151,296,71.4,14.3,11,1,CROSS=EMA9>EMA21;TREND=1;STRUCT=1;VOL=1;COOL=1;EMA50=1;VWAP=1;BIAS=1,0.00,0.00,25095.70,25095.70,2025.01.14 trades=1 W=0 L=1 gross_profit=0.00 gross_loss=129.04 net=-129.04 PF=0.00
41,2025.01.15 18:10:00,2025.01.15 20:40:00,SKIP,XAUUSD,M5,10,FLAT,NA,EVENING,0,0.00,0.00,0.00,0.00,1.00,0.00,0.00,0.00,0.00,0.00,0.00,0.00,0.00,0.00,0.00,0.00,0.00,0.00,2683.23,2683.29,2681.01,2683.42,2683.38,0.765,2.97,34.39,41.15,41.15,-1.73,-1.73,-0.00,2682.42,2678.56,999,1583,0.0,85.7,8,1,CROSS=EMA9>EMA21;TREND=1;STRUCT=1;VOL=1;COOL=1;EMA50=1;VWAP=1;BIAS=1,0.00,0.00,25095.70,25095.70,outside the killzone window
42,2025.01.15 18:45:00,2025.01.15 21:15:00,SKIP,XAUUSD,M5,10,FLAT,NA,EVENING,0,0.00,0.00,0.00,0.00,1.00,0.00,0.00,0.00,0.00,0.00,0.00,0.00,0.00,0.00,0.00,0.00,0.00,0.00,2683.38,2683.35,2681.20,2683.25,2683.29,0.863,2.49,31.91,59.89,59.89,0.21,-0.87,1.08,2682.46,2686.45,1008,1362,85.7,0.0,5,1,CROSS=EMA9>EMA21;TREND=1;STRUCT=1;VOL=1;COOL=1;EMA50=1;VWAP=1;BIAS=1,0.00,0.00,25095.70,25095.70,outside the killzone window
43,2025.01.17 03:25:00,2025.01.17 05:55:00,ENTRY,XAUUSD,M5,12,SELL,FULLTGT,DAY,0,2710.60,2713.39,2713.39,2.79,1.00,2.79,2707.81,2705.02,2702.23,2699.44,2696.65,0.44,0.44,0.44,2710.60,0.00,0.00,0.00,2714.29,2714.32,2711.26,2714.44,2714.39,2.193,1.40,24.68,33.83,33.83,-0.81,-0.20,-0.61,2713.34,2710.65,990,476,0.0,85.7,13,1,CROSS=EMA9<EMA21;TREND=1;STRUCT=1;VOL=1;COOL=1;EMA50=1;VWAP=1;BIAS=1,0.00,0.00,25094.16,25088.44,KZ=ASIA; KZR=Asia H @ 2698.30 217 bars ago (high taken); DAY 12AM-4PM IST session: stop x1.00 of usual; no partials; full size to TP5; SL steps BE->TP1->TP2->TP3
44,2025.01.17 03:45:40,2025.01.17 06:15:40,EXIT_SL,XAUUSD,M5,12,SELL,FULLTGT,DAY,0,2710.60,2713.39,2713.39,2.79,1.00,2.79,2707.81,2705.02,2702.23,2699.44,2696.65,0.44,0.44,0.00,2713.39,0.00,-1.00,-125.84,2713.87,2714.09,2711.26,2713.92,2714.12,1.774,1.60,21.00,47.80,47.80,-0.84,-0.72,-0.12,2712.86,2712.68,1103,610,14.3,71.4,11,1,CROSS=EMA9<EMA21;TREND=1;STRUCT=1;VOL=1;COOL=1;EMA50=1;VWAP=1;BIAS=1,0.20,-0.99,24969.86,24969.86,stopped at the initial SL (x1.00 of usual)
45,2025.01.17 04:35:00,2025.01.17 07:05:00,ENTRY,XAUUSD,M5,14,BUY,FULLTGT,DAY,0,2715.75,2712.84,2712.84,2.91,1.00,2.91,2718.66,2721.58,2724.49,2727.40,2730.31,0.42,0.42,0.42,2715.75,0.00,0.00,0.00,2714.28,2714.27,2711.62,2714.22,2714.24,1.817,1.46,39.62,58.24,58.24,0.55,0.11,0.44,2713.52,2715.64,863,805,100.0,0.0,11,1,CROSS=EMA9>EMA21;TREND=1;STRUCT=1;VOL=1;COOL=1;EMA50=1;VWAP=1;BIAS=1,0.00,0.00,24968.39,24963.77,KZ=ASIA; KZR=Asia H @ 2698.30 231 bars ago (high taken); DAY 12AM-4PM IST session: stop x1.00 of usual; no partials; full size to TP5; SL steps BE->TP1->TP2->TP3
46,2025.01.17 07:37:28,2025.01.17 10:07:28,EXIT_SL,XAUUSD,M5,14,BUY,FULLTGT,DAY,0,2715.75,2712.84,2712.84,2.91,1.00,2.91,2718.66,2721.58,2724.49,2727.40,2730.31,0.42,0.42,0.00,2712.84,0.00,-1.00,-125.16,2714.90,2714.75,2712.72,2714.96,2714.78,2.600,0.78,21.87,38.03,38.03,-0.32,-0.13,-0.19,2714.33,2713.35,834,375,14.3,71.4,13,1,CROSS=EMA9>EMA21;TREND=1;STRUCT=1;VOL=1;COOL=1;EMA50=1;VWAP=1;BIAS=1,0.56,-0.99,24844.70,24844.70,stopped at the initial SL (x1.00 of usual)
47,2025.01.17 07:55:00,2025.01.17 10:25:00,ENTRY,XAUUSD,M5,16,SELL,FULLTGT,DAY,0,2711.75,2713.68,2713.68,1.93,1.00,1.93,2709.82,2707.88,2705.95,2704.02,2702.09,0.64,0.64,0.64,2711.75,0.00,0.00,0.00,2714.51,2714.56,2712.71,2714.62,2714.62,1.919,0.97,35.03,29.77,29.77,-0.75,-0.37,-0.38,2714.17,2711.78,843,489,0.0,100.0,11,1,CROSS=EMA9<EMA21;TREND=1;STRUCT=1;VOL=1;COOL=1;EMA50=1;VWAP=1;BIAS=1,0.00,0.00,24842.46,24835.42,KZ=ASIA; KZR=Asia H @ 2698.30 271 bars ago (high taken); DAY 12AM-4PM IST session: stop x1.00 of usual; no partials; full size to TP5; SL steps BE->TP1->TP2->TP3
48,2025.01.17 09:05:21,2025.01.17 11:35:21,EXIT_SL,XAUUSD,M5,16,SELL,FULLTGT,DAY,0,2711.75,2713.68,2713.68,1.93,1.00,1.93,2709.82,2707.88,2705.95,2704.02,2702.09,0.64,0.64,0.00,2713.69,0.00,-1.00,-128.64,2713.57,2714.00,2712.65,2713.58,2714.02,1.093,1.24,23.69,52.63,52.63,-0.43,-0.68,0.25,2713.77,2713.32,714,734,42.9,28.6,10,1,CROSS=EMA9<EMA21;TREND=1;STRUCT=1;VOL=1;COOL=1;EMA50=1;VWAP=1;BIAS=1,0.58,-0.98,24716.06,24716.06,stopped at the initial SL (x1.00 of usual)
49,2025.01.17 17:45:00,2025.01.17 20:15:00,SKIP,XAUUSD,M5,16,FLAT,NA,EVENING,0,0.00,0.00,0.00,0.00,1.00,0.00,0.00,0.00,0.00,0.00,0.00,0.00,0.00,0.00,0.00,0.00,0.00,0.00,2709.54,2709.53,2710.10,2709.41,2709.47,-0.253,2.26,18.72,59.67,59.67,1.40,1.34,0.06,2710.47,2712.73,761,1381,71.4,0.0,5,1,CROSS=EMA9<EMA21;TREND=1;STRUCT=1;VOL=1;COOL=1;EMA50=1;VWAP=1;BIAS=1,0.00,0.00,24716.06,24716.06,outside the killzone window
50,2025.01.17 21:10:00,2025.01.17 23:40:00,SKIP,XAUUSD,M5,16,FLAT,NA,EVENING,0,0.00,0.00,0.00,0.00,1.00,0.00,0.00,0.00,0.00,0.00,0.00,0.00,0.00,0.00,0.00,0.00,0.00,0.00,2710.68,2710.72,2710.74,2710.87,2710.81,-0.017,1.40,65.57,29.85,29.85,-1.82,-1.37,-0.46,2710.86,2706.16,551,701,0.0,85.7,9,1,CROSS=EMA9<EMA21;TREND=1;STRUCT=1;VOL=1;COOL=1;EMA50=1;VWAP=1;BIAS=1,0.00,0.00,24716.06,24716.06,outside the killzone window
51,2025.01.20 01:00:00,2025.01.20 03:30:00,DAY_SUMMARY,XAUUSD,M5,16,FLAT,NA,DAY,0,0.00,0.00,0.00,0.00,1.00,0.00,0.00,0.00,0.00,0.00,0.00,0.00,0.00,0.00,0.00,0.00,-3.00,-379.64,2704.68,2706.82,2708.49,2704.75,2706.90,-1.673,1.00,19.24,49.73,49.73,-0.67,-1.16,0.49,2710.21,2702.92,55,400,14.3,57.1,50,1,CROSS=EMA9<EMA21;TREND=1;STRUCT=1;VOL=1;COOL=1;EMA50=1;VWAP=1;BIAS=1,0.00,0.00,24716.06,24716.06,2025.01.17 trades=3 W=0 L=3 gross_profit=0.00 gross_loss=379.64 net=-379.64 PF=0.00
52,2025.01.20 01:00:00,2025.01.20 03:30:00,WEEK_SUMMARY,XAUUSD,M5,16,FLAT,NA,DAY,0,0.00,0.00,0.00,0.00,1.00,0.00,0.00,0.00,0.00,0.00,0.00,0.00,0.00,0.00,0.00,0.00,-5.01,-636.29,2704.68,2706.82,2708.49,2704.75,2706.90,-1.673,1.00,19.24,49.73,49.73,-0.67,-1.16,0.49,2710.21,2702.92,55,400,14.3,57.1,50,1,CROSS=EMA9<EMA21;TREND=1;STRUCT=1;VOL=1;COOL=1;EMA50=1;VWAP=1;BIAS=1,0.00,0.00,24716.06,24716.06,days=3 trades=5 W=0 L=5 gross_profit=0.00 gross_loss=636.29 net=-636.29 PF=0.00 pips=-1443.0
53,2025.01.20 07:10:00,2025.01.20 09:40:00,ENTRY,XAUUSD,M5,18,BUY,FULLTGT,DAY,0,2705.78,2703.53,2703.53,2.25,1.00,2.25,2708.03,2710.28,2712.53,2714.77,2717.02,0.54,0.54,0.54,2705.78,0.00,0.00,0.00,2701.09,2701.09,2703.34,2700.90,2700.99,-2.003,1.12,34.63,67.30,67.30,1.77,1.82,-0.06,2696.99,2705.70,432,531,71.4,14.3,7,1,CROSS=EMA9>EMA21;TREND=1;STRUCT=1;VOL=1;COOL=1;EMA50=1;VWAP=1;BIAS=1,0.00,0.00,24714.17,24710.39,KZ=ASIA; KZR=Asia H @ 2698.30 1126 bars ago (high taken); DAY 12AM-4PM IST session: stop x1.00 of usual; no partials; full size to TP5; SL steps BE->TP1->TP2->TP3
54,2025.01.20 08:02:41,2025.01.20 10:32:41,TP1_REACHED,XAUUSD,M5,18,BUY,FULLTGT,DAY,0,2705.78,2703.53,2703.53,2.25,1.00,2.25,2708.03,2710.28,2712.53,2714.77,2717.02,0.54,0.00,0.54,2708.03,1.00,1.00,0.00,2702.66,2701.95,2703.58,2702.47,2701.84,-1.126,1.45,35.41,61.84,61.84,1.16,1.42,-0.26,2698.22,2707.26,1072,634,85.7,14.3,7,1,CROSS=EMA9>EMA21;TREND=1;STRUCT=1;VOL=1;COOL=1;EMA50=1;VWAP=1;BIAS=1,0.99,-0.90,24714.17,24835.67,full target: no partial booked
55,2025.01.20 08:43:39,2025.01.20 11:13:39,TP2_REACHED,XAUUSD,M5,18,BUY,FULLTGT,DAY,0,2705.78,2703.53,2703.53,2.25,1.00,2.25,2708.03,2710.28,2712.53,2714.77,2717.02,0.54,0.00,0.54,2710.28,2.00,2.00,0.00,2704.30,2702.94,2703.96,2704.09,2702.80,-0.625,1.65,59.05,67.89,67.89,1.58,1.38,0.20,2699.25,2709.49,624,725,85.7,0.0,7,1,CROSS=EMA9>EMA21;TREND=1;STRUCT=1;VOL=1;COOL=1;EMA50=1;VWAP=1;BIAS=1,2.00,-0.90,24714.17,24957.71,full target: no partial booked
56,2025.01.20 08:52:29,2025.01.20 11:22:29,TP3_REACHED,XAUUSD,M5,18,BUY,FULLTGT,DAY,0,2705.78,2703.53,2703.53,2.25,1.00,2.25,2708.03,2710.28,2712.53,2714.77,2717.02,0.54,0.00,0.54,2712.53,3.00,3.00,0.00,2704.76,2703.23,2704.09,2704.53,2703.08,-0.529,1.63,65.31,71.16,71.16,1.69,1.48,0.21,2699.48,2710.48,681,742,85.7,0.0,7,1,CROSS=EMA9>EMA21;TREND=1;STRUCT=1;VOL=1;COOL=1;EMA50=1;VWAP=1;BIAS=1,2.99,-0.90,24714.17,25079.75,full target: no partial booked
57,2025.01.20 09:58:28,2025.01.20 12:28:28,EXIT_SL,XAUUSD,M5,18,BUY,FULLTGT,DAY,0,2705.78,2703.53,2703.53,2.25,1.00,2.25,2708.03,2710.28,2712.53,2714.77,2717.02,0.54,0.54,0.00,2703.52,0.00,-1.01,-125.82,2705.73,2704.16,2704.49,2705.76,2704.14,-0.220,1.51,45.10,40.40,40.40,-0.35,0.37,-0.72,2700.56,2705.13,402,663,28.6,57.1,11,1,CROSS=EMA9>EMA21;TREND=1;STRUCT=1;VOL=1;COOL=1;EMA50=1;VWAP=1;BIAS=1,3.53,-1.00,24590.24,24590.24,stopped at the initial SL (x1.00 of usual)
58,2025.01.21 01:00:00,2025.01.21 03:30:00,DAY_SUMMARY,XAUUSD,M5,18,FLAT,NA,DAY,0,0.00,0.00,0.00,0.00,1.00,0.00,0.00,0.00,0.00,0.00,0.00,0.00,0.00,0.00,0.00,0.00,-1.01,-125.82,2708.29,2707.87,2707.11,2708.33,2707.89,0.446,1.72,25.47,44.06,44.06,0.24,0.49,-0.25,2705.01,2707.19,414,358,28.6,71.4,9,1,CROSS=EMA9>EMA21;TREND=1;STRUCT=1;VOL=1;COOL=1;EMA50=1;VWAP=1;BIAS=1,0.00,0.00,24590.24,24590.24,2025.01.20 trades=1 W=0 L=1 gross_profit=0.00 gross_loss=125.82 net=-125.82 PF=0.00
59,2025.01.23 01:20:00,2025.01.23 03:50:00,SKIP,XAUUSD,M5,18,FLAT,NA,DAY,0,0.00,0.00,0.00,0.00,1.00,0.00,0.00,0.00,0.00,0.00,0.00,0.00,0.00,0.00,0.00,0.00,0.00,0.00,2756.12,2756.13,2754.28,2756.14,2756.14,2.390,0.77,20.42,46.66,46.66,-0.19,-0.16,-0.03,2755.44,2755.53,129,251,14.3,57.1,9,1,CROSS=EMA9>EMA21;TREND=1;STRUCT=1;VOL=1;COOL=1;EMA50=1;VWAP=1;BIAS=1,0.00,0.00,24590.24,24590.24,outside the killzone window
60,2025.01.23 19:10:00,2025.01.23 21:40:00,SKIP,XAUUSD,M5,18,FLAT,NA,EVENING,0,0.00,0.00,0.00,0.00,1.00,0.00,0.00,0.00,0.00,0.00,0.00,0.00,0.00,0.00,0.00,0.00,0.00,0.00,2748.31,2748.25,2749.57,2748.08,2748.14,-0.508,2.59,27.99,62.38,62.38,2.45,2.26,0.20,2749.41,2753.98,645,794,85.7,0.0,10,1,CROSS=EMA9>EMA21;TREND=1;STRUCT=1;VOL=1;COOL=1;EMA50=1;VWAP=1;BIAS=1,0.00,0.00,24590.24,24590.24,outside the killzone window
61,2025.01.24 20:15:00,2025.01.24 22:45:00,SKIP,XAUUSD,M5,18,FLAT,NA,EVENING,0,0.00,0.00,0.00,0.00,1.00,0.00,0.00,0.00,0.00,0.00,0.00,0.00,0.00,0.00,0.00,0.00,0.00,0.00,2776.03,2776.05,2772.99,2776.14,2776.11,2.043,1.50,25.18,42.25,42.25,-0.88,-0.93,0.05,2774.26,2773.38,405,563,14.3,71.4,11,1,CROSS=EMA9>EMA21;TREND=1;STRUCT=1;VOL=1;COOL=1;EMA50=1;VWAP=1;BIAS=1,0.00,0.00,24590.24,24590.24,outside the killzone window
62,2025.01.27 01:00:00,2025.01.27 03:30:00,WEEK_SUMMARY,XAUUSD,M5,18,FLAT,NA,DAY,0,0.00,0.00,0.00,0.00,1.00,0.00,0.00,0.00,0.00,0.00,0.00,0.00,0.00,0.00,0.00,0.00,-1.01,-125.82,2773.00,2774.01,2772.89,2773.06,2774.06,1.330,0.84,28.27,43.41,43.41,-0.55,-0.64,0.09,2774.13,2771.48,40,258,14.3,71.4,13,1,CROSS=EMA9>EMA21;TREND=1;STRUCT=1;VOL=1;COOL=1;EMA50=1;VWAP=1;BIAS=1,0.00,0.00,24590.24,24590.24,days=1 trades=1 W=0 L=1 gross_profit=0.00 gross_loss=125.82 net=-125.82 PF=0.00 pips=-226.0
63,2025.01.27 12:40:00,2025.01.27 15:10:00,SKIP,XAUUSD,M5,18,FLAT,NA,DAY,0,0.00,0.00,0.00,0.00,1.00,0.00,0.00,0.00,0.00,0.00,0.00,0.00,0.00,0.00,0.00,0.00,0.00,0.00,2760.14,2760.00,2762.61,2759.82,2759.84,-1.288,2.03,48.54,68.33,68.33,2.59,2.38,0.21,2759.55,2768.01,645,770,85.7,0.0,3,1,CROSS=EMA9>EMA21;TREND=1;STRUCT=1;VOL=1;COOL=1;EMA50=1;VWAP=1;BIAS=1,0.00,0.00,24590.24,24590.24,outside the killzone window
64,2025.01.27 16:00:00,2025.01.27 18:30:00,SKIP,XAUUSD,M5,18,FLAT,NA,EVENING,0,0.00,0.00,0.00,0.00,1.00,0.00,0.00,0.00,0.00,0.00,0.00,0.00,0.00,0.00,0.00,0.00,0.00,0.00,2761.66,2761.69,2762.93,2761.84,2761.78,-0.474,2.63,44.22,39.91,39.91,-2.50,-2.13,-0.36,2760.74,2757.29,689,765,0.0,85.7,6,1,CROSS=EMA9>EMA21;TREND=1;STRUCT=1;VOL=1;COOL=1;EMA50=1;VWAP=1;BIAS=1,0.00,0.00,24590.24,24590.24,outside the killzone window
65,2025.01.28 12:05:00,2025.01.28 14:35:00,SKIP,XAUUSD,M5,18,FLAT,NA,DAY,0,0.00,0.00,0.00,0.00,1.00,0.00,0.00,0.00,0.00,0.00,0.00,0.00,0.00,0.00,0.00,0.00,0.00,0.00,2741.34,2741.29,2743.19,2741.23,2741.23,-1.132,1.68,26.37,62.54,62.54,1.09,0.97,0.11,2741.13,2744.07,397,548,85.7,0.0,5,1,CROSS=EMA9>EMA21;TREND=1;STRUCT=1;VOL=1;COOL=1;EMA50=1;VWAP=1;BIAS=1,0.00,0.00,24590.24,24590.24,outside the killzone window
66,2025.01.29 08:55:00,2025.01.29 11:25:00,SKIP,XAUUSD,M5,18,FLAT,NA,DAY,0,0.00,0.00,0.00,0.00,1.00,0.00,0.00,0.00,0.00,0.00,0.00,0.00,0.00,0.00,0.00,0.00,0.00,0.00,2762.03,2762.05,2759.55,2762.13,2762.10,2.367,1.06,39.39,37.50,37.50,-0.58,-0.57,-0.01,2763.19,2759.61,414,342,0.0,100.0,13,1,CROSS=EMA9>EMA21;TREND=1;STRUCT=1;VOL=1;COOL=1;EMA50=1;VWAP=1;BIAS=1,0.00,0.00,24590.24,24590.24,outside the killzone window
67,2025.01.29 11:05:00,2025.01.29 13:35:00,SKIP,XAUUSD,M5,18,FLAT,NA,DAY,0,0.00,0.00,0.00,0.00,1.00,0.00,0.00,0.00,0.00,0.00,0.00,0.00,0.00,0.00,0.00,0.00,0.00,0.00,2761.73,2761.72,2759.90,2761.71,2761.72,1.106,1.65,37.72,50.48,50.48,0.94,0.90,0.04,2762.58,2762.05,649,546,71.4,28.6,7,1,CROSS=EMA9>EMA21;TREND=1;STRUCT=1;VOL=1;COOL=1;EMA50=1;VWAP=1;BIAS=1,0.00,0.00,24590.24,24590.24,outside the killzone window
68,2025.01.29 11:10:00,2025.01.29 13:40:00,SKIP,XAUUSD,M5,18,FLAT,NA,DAY,0,0.00,0.00,0.00,0.00,1.00,0.00,0.00,0.00,0.00,0.00,0.00,0.00,0.00,0.00,0.00,0.00,0.00,0.00,2761.72,2761.72,2759.92,2761.73,2761.72,1.109,1.63,37.42,48.40,48.40,0.77,0.95,-0.18,2762.57,2761.61,588,549,0.0,100.0,5,1,CROSS=EMA9>EMA21;TREND=1;STRUCT=1;VOL=1;COOL=1;EMA50=1;VWAP=1;BIAS=1,0.00,0.00,24590.24,24590.24,outside the killzone window
69,2025.01.29 11:15:00,2025.01.29 13:45:00,SKIP,XAUUSD,M5,18,FLAT,NA,DAY,0,0.00,0.00,0.00,0.00,1.00,0.00,0.00,0.00,0.00,0.00,0.00,0.00,0.00,0.00,0.00,0.00,0.00,0.00,2761.74,2761.73,2759.94,2761.72,2761.72,1.095,1.64,38.53,50.78,50.78,0.66,0.95,-0.29,2762.56,2762.09,760,560,71.4,28.6,10,1,CROSS=EMA9>EMA21;TREND=1;STRUCT=1;VOL=1;COOL=1;EMA50=1;VWAP=1;BIAS=1,0.00,0.00,24590.24,24590.24,outside the killzone window
70,2025.01.29 12:40:00,2025.01.29 15:10:00,SKIP,XAUUSD,M5,18,FLAT,NA,DAY,0,0.00,0.00,0.00,0.00,1.00,0.00,0.00,0.00,0.00,0.00,0.00,0.00,0.00,0.00,0.00,0.00,0.00,0.00,2761.73,2761.77,2760.25,2761.88,2761.85,1.114,1.36,37.76,31.55,31.55,-0.72,-0.01,-0.71,2762.44,2758.16,725,594,0.0,100.0,6,1,CROSS=EMA9>EMA21;TREND=1;STRUCT=1;VOL=1;COOL=1;EMA50=1;VWAP=1;BIAS=1,0.00,0.00,24590.24,24590.24,outside the killzone window
71,2025.01.30 01:10:00,2025.01.30 03:40:00,SKIP,XAUUSD,M5,18,FLAT,NA,DAY,0,0.00,0.00,0.00,0.00,1.00,0.00,0.00,0.00,0.00,0.00,0.00,0.00,0.00,0.00,0.00,0.00,0.00,0.00,2755.21,2755.17,2756.19,2755.06,2755.09,-0.905,1.12,45.70,63.28,63.28,1.33,1.09,0.23,2758.80,2759.06,75,361,85.7,0.0,7,1,CROSS=EMA9>EMA21;TREND=1;STRUCT=1;VOL=1;COOL=1;EMA50=1;VWAP=1;BIAS=1,0.00,0.00,24590.24,24590.24,outside the killzone window
72,2025.01.31 12:25:00,2025.01.31 14:55:00,SKIP,XAUUSD,M5,18,FLAT,NA,DAY,0,0.00,0.00,0.00,0.00,1.00,0.00,0.00,0.00,0.00,0.00,0.00,0.00,0.00,0.00,0.00,0.00,0.00,0.00,2795.07,2795.07,2792.55,2795.10,2795.08,1.649,1.53,18.29,48.19,48.19,-0.43,-0.33,-0.10,2795.67,2794.31,611,520,14.3,71.4,6,1,CROSS=EMA9>EMA21;TREND=1;STRUCT=1;VOL=1;COOL=1;EMA50=1;VWAP=1;BIAS=1,0.00,0.00,24590.24,24590.24,outside the killzone window
73,2025.01.31 13:45:00,2025.01.31 16:15:00,SKIP,XAUUSD,M5,18,FLAT,NA,EVENING,0,0.00,0.00,0.00,0.00,1.00,0.00,0.00,0.00,0.00,0.00,0.00,0.00,0.00,0.00,0.00,0.00,0.00,0.00,2795.07,2795.03,2792.89,2794.98,2794.98,1.425,1.50,34.89,61.16,61.16,0.68,0.14,0.53,2795.55,2797.33,672,537,85.7,14.3,6,1,CROSS=EMA9>EMA21;TREND=1;STRUCT=1;VOL=1;COOL=1;EMA50=1;VWAP=1;BIAS=1,0.00,0.00,24590.24,24590.24,outside the killzone window
74,2025.01.31 21:50:00,2025.02.01 00:20:00,SKIP,XAUUSD,M5,18,FLAT,NA,DAY,0,0.00,0.00,0.00,0.00,1.00,0.00,0.00,0.00,0.00,0.00,0.00,0.00,0.00,0.00,0.00,0.00,0.00,0.00,2803.62,2803.67,2800.83,2803.86,2803.79,1.191,2.39,26.61,40.30,40.30,-1.98,-2.13,0.15,2801.52,2797.82,957,898,28.6,71.4,12,1,CROSS=EMA9>EMA21;TREND=1;STRUCT=1;VOL=1;COOL=1;EMA50=1;VWAP=1;BIAS=1,0.00,0.00,24590.24,24590.24,outside the killzone window
75,2025.02.03 01:00:00,2025.02.03 03:30:00,MONTH_SUMMARY,XAUUSD,M5,18,FLAT,NA,DAY,0,0.00,0.00,0.00,0.00,1.00,0.00,0.00,0.00,0.00,0.00,0.00,0.00,0.00,0.00,0.00,0.00,-3.02,-409.76,2800.95,2801.89,2800.45,2801.05,2801.96,0.793,1.82,24.67,43.74,43.74,0.02,0.23,-0.21,2801.25,2798.47,90,477,0.0,71.4,50,1,CROSS=EMA9>EMA21;TREND=1;STRUCT=1;VOL=1;COOL=1;EMA50=1;VWAP=1;BIAS=1,0.00,0.00,24590.24,24590.24,days=7 trades=9 W=1 L=8 gross_profit=613.07 gross_loss=1022.83 net=-409.76 PF=0.60 pips=-518.0
76,2025.02.03 10:35:00,2025.02.03 13:05:00,SKIP,XAUUSD,M5,18,FLAT,NA,DAY,0,0.00,0.00,0.00,0.00,1.00,0.00,0.00,0.00,0.00,0.00,0.00,0.00,0.00,0.00,0.00,0.00,0.00,0.00,2787.42,2787.30,2790.04,2786.96,2787.07,-1.028,2.66,48.40,79.92,79.92,3.04,1.79,1.26,2785.17,2798.65,780,749,100.0,0.0,6,1,CROSS=EMA9>EMA21;TREND=1;STRUCT=1;VOL=1;COOL=1;EMA50=1;VWAP=1;BIAS=1,0.00,0.00,24590.24,24590.24,outside the killzone window
77,2025.02.04 08:30:00,2025.02.04 11:00:00,SKIP,XAUUSD,M5,18,FLAT,NA,DAY,0,0.00,0.00,0.00,0.00,1.00,0.00,0.00,0.00,0.00,0.00,0.00,0.00,0.00,0.00,0.00,0.00,0.00,0.00,2817.31,2817.39,2814.60,2817.51,2817.49,1.932,1.44,45.07,27.33,27.33,-1.60,-1.30,-0.30,2818.11,2812.24,644,683,0.0,85.7,8,1,CROSS=EMA9>EMA21;TREND=1;STRUCT=1;VOL=1;COOL=1;EMA50=1;VWAP=1;BIAS=1,0.00,0.00,24590.24,24590.24,outside the killzone window
78,2025.02.04 12:10:00,2025.02.04 14:40:00,SKIP,XAUUSD,M5,18,FLAT,NA,DAY,0,0.00,0.00,0.00,0.00,1.00,0.00,0.00,0.00,0.00,0.00,0.00,0.00,0.00,0.00,0.00,0.00,0.00,0.00,2816.21,2816.18,2814.74,2816.14,2816.15,0.807,1.78,31.15,53.35,53.35,1.49,1.33,0.16,2816.61,2817.81,745,764,85.7,0.0,7,1,CROSS=EMA9>EMA21;TREND=1;STRUCT=1;VOL=1;COOL=1;EMA50=1;VWAP=1;BIAS=1,0.00,0.00,24590.24,24590.24,outside the killzone window
79,2025.02.04 12:35:00,2025.02.04 15:05:00,SKIP,XAUUSD,M5,18,FLAT,NA,DAY,0,0.00,0.00,0.00,0.00,1.00,0.00,0.00,0.00,0.00,0.00,0.00,0.00,0.00,0.00,0.00,0.00,0.00,0.00,2816.12,2816.14,2814.79,2816.23,2816.20,0.756,1.78,32.54,39.23,39.23,0.25,1.15,-0.90,2816.58,2813.41,812,736,0.0,100.0,8,1,CROSS=EMA9>EMA21;TREND=1;STRUCT=1;VOL=1;COOL=1;EMA50=1;VWAP=1;BIAS=1,0.00,0.00,24590.24,24590.24,outside the killzone window
80,2025.02.04 14:30:00,2025.02.04 17:00:00,SKIP,XAUUSD,M5,18,FLAT,NA,EVENING,0,0.00,0.00,0.00,0.00,1.00,0.00,0.00,0.00,0.00,0.00,0.00,0.00,0.00,0.00,0.00,0.00,0.00,0.00,2816.08,2816.04,2814.99,2815.94,2815.97,0.657,1.59,26.26,66.98,66.98,0.72,0.13,0.59,2816.41,2819.53,628,632,85.7,0.0,5,1,CROSS=EMA9>EMA21;TREND=1;STRUCT=1;VOL=1;COOL=1;EMA50=1;VWAP=1;BIAS=1,0.00,0.00,24590.24,24590.24,outside the killzone window
81,2025.02.05 22:20:00,2025.02.06 00:50:00,SKIP,XAUUSD,M5,18,FLAT,NA,DAY,0,0.00,0.00,0.00,0.00,1.00,0.00,0.00,0.00,0.00,0.00,0.00,0.00,0.00,0.00,0.00,0.00,0.00,0.00,2868.19,2868.21,2863.99,2868.40,2868.31,2.374,1.78,36.16,37.08,37.08,-1.70,-1.36,-0.34,2863.46,2863.16,460,543,0.0,85.7,12,1,CROSS=EMA9>EMA21;TREND=1;STRUCT=1;VOL=1;COOL=1;EMA50=1;VWAP=1;BIAS=1,0.00,0.00,24590.24,24590.24,outside the killzone window
82,2025.02.06 02:50:00,2025.02.06 05:20:00,SKIP,XAUUSD,M5,18,FLAT,NA,DAY,0,0.00,0.00,0.00,0.00,1.00,0.00,0.00,0.00,0.00,0.00,0.00,0.00,0.00,0.00,0.00,0.00,0.00,0.00,2867.32,2867.30,2864.79,2867.25,2867.26,2.197,1.14,21.69,57.30,57.30,0.74,0.93,-0.18,2868.38,2869.02,176,204,57.1,14.3,8,1,CROSS=EMA9>EMA21;TREND=1;STRUCT=1;VOL=1;COOL=1;EMA50=1;VWAP=1;BIAS=1,0.00,0.00,24590.24,24590.24,outside the killzone window
83,2025.02.06 03:30:00,2025.02.06 06:00:00,ENTRY,XAUUSD,M5,20,SELL,FULLTGT,DAY,0,2865.75,2868.78,2868.78,3.03,1.00,3.03,2862.72,2859.69,2856.66,2853.62,2850.59,0.40,0.40,0.40,2865.75,0.00,0.00,0.00,2867.27,2867.28,2864.97,2867.34,2867.31,1.522,1.52,16.02,42.44,42.44,-0.14,0.36,-0.50,2867.69,2865.75,373,332,0.0,85.7,9,1,CROSS=EMA9<EMA21;TREND=1;STRUCT=1;VOL=1;COOL=1;EMA50=1;VWAP=1;BIAS=1,0.00,0.00,24588.84,24585.24,KZ=ASIA; KZR=Asia H @ 2860.75 229 bars ago (high taken); DAY 12AM-4PM IST session: stop x1.00 of usual; no partials; full size to TP5; SL steps BE->TP1->TP2->TP3
84,2025.02.06 03:35:00,2025.02.06 06:05:00,SKIP,XAUUSD,M5,20,SELL,FULLTGT,DAY,0,2865.75,2868.78,2868.78,3.03,1.00,3.03,2862.72,2859.69,2856.66,2853.62,2850.59,0.40,0.00,0.00,0.00,0.00,0.00,0.00,2867.29,2867.29,2865.00,2867.27,2867.28,1.429,1.60,14.93,51.16,51.16,-0.09,0.27,-0.36,2867.66,2867.76,568,348,71.4,14.3,9,1,CROSS=EMA9>EMA21;TREND=1;STRUCT=1;VOL=1;COOL=0;EMA50=1;VWAP=1;BIAS=1,0.00,-0.85,24588.84,24504.04,quality filter
85,2025.02.06 03:38:42,2025.02.06 06:08:42,EXIT_SL,XAUUSD,M5,20,SELL,FULLTGT,DAY,0,2865.75,2868.78,2868.78,3.03,1.00,3.03,2862.72,2859.69,2856.66,2853.62,2850.59,0.40,0.40,0.00,2868.78,0.00,-1.00,-124.00,2867.29,2867.29,2865.00,2867.27,2867.28,1.429,1.60,14.93,51.16,51.16,-0.09,0.27,-0.36,2867.66,2867.76,568,348,71.4,14.3,11,1,CROSS=EMA9>EMA21;TREND=1;STRUCT=1;VOL=1;COOL=0;EMA50=1;VWAP=1;BIAS=1,0.00,-0.99,24466.24,24466.24,stopped at the initial SL (x1.00 of usual)
86,2025.02.06 08:55:00,2025.02.06 11:25:00,SKIP,XAUUSD,M5,20,FLAT,NA,DAY,0,0.00,0.00,0.00,0.00,1.00,0.00,0.00,0.00,0.00,0.00,0.00,0.00,0.00,0.00,0.00,0.00,0.00,0.00,2868.17,2868.22,2866.77,2868.48,2868.37,0.763,1.90,26.52,26.00,26.00,-1.12,-0.19,-0.93,2868.52,2860.58,835,505,0.0,100.0,11,1,CROSS=EMA9>EMA21;TREND=1;STRUCT=1;VOL=1;COOL=0;EMA50=1;VWAP=1;BIAS=1,0.00,0.00,24466.24,24466.24,outside the killzone window
87,2025.02.06 14:50:00,2025.02.06 17:20:00,SKIP,XAUUSD,M5,20,FLAT,NA,EVENING,0,0.00,0.00,0.00,0.00,1.00,0.00,0.00,0.00,0.00,0.00,0.00,0.00,0.00,0.00,0.00,0.00,0.00,0.00,2863.08,2863.05,2863.69,2862.93,2862.98,-0.301,2.11,21.74,58.14,58.14,1.78,2.08,-0.31,2864.02,2866.81,485,604,57.1,14.3,5,1,CROSS=EMA9>EMA21;TREND=1;STRUCT=1;VOL=1;COOL=0;EMA50=1;VWAP=1;BIAS=1,0.00,0.00,24466.24,24466.24,outside the killzone window
88,2025.02.06 15:30:00,2025.02.06 18:00:00,SKIP,XAUUSD,M5,20,FLAT,NA,EVENING,0,0.00,0.00,0.00,0.00,1.00,0.00,0.00,0.00,0.00,0.00,0.00,0.00,0.00,0.00,0.00,0.00,0.00,0.00,2863.01,2863.03,2863.63,2863.08,2863.06,-0.283,2.13,37.09,40.82,40.82,-0.21,0.72,-0.93,2863.94,2861.35,704,702,0.0,100.0,7,1,CROSS=EMA9>EMA21;TREND=1;STRUCT=1;VOL=1;COOL=0;EMA50=1;VWAP=1;BIAS=1,0.00,0.00,24466.24,24466.24,outside the killzone window
89,2025.02.07 01:00:00,2025.02.07 03:30:00,DAY_SUMMARY,XAUUSD,M5,20,FLAT,NA,DAY,0,0.00,0.00,0.00,0.00,1.00,0.00,0.00,0.00,0.00,0.00,0.00,0.00,0.00,0.00,0.00,0.00,-1.00,-124.00,2854.41,2854.64,2856.80,2854.36,2854.62,-2.110,1.03,15.83,51.77,51.77,0.68,0.76,-0.08,2858.89,2855.55,95,331,28.6,42.9,11,1,CROSS=EMA9>EMA21;TREND=1;STRUCT=1;VOL=1;COOL=0;EMA50=1;VWAP=1;BIAS=1,0.00,0.00,24466.24,24466.24,2025.02.06 trades=1 W=0 L=1 gross_profit=0.00 gross_loss=124.00 net=-124.00 PF=0.00
90,2025.02.07 01:30:00,2025.02.07 04:00:00,SKIP,XAUUSD,M5,20,FLAT,NA,DAY,0,0.00,0.00,0.00,0.00,1.00,0.00,0.00,0.00,0.00,0.00,0.00,0.00,0.00,0.00,0.00,0.00,0.00,0.00,2854.92,2854.88,2856.80,2854.81,2854.82,-2.248,0.85,23.68,62.72,62.72,0.72,0.67,0.06,2856.60,2857.72,98,230,71.4,0.0,11,1,CROSS=EMA9>EMA21;TREND=1;STRUCT=1;VOL=1;COOL=0;EMA50=1;VWAP=1;BIAS=1,0.00,0.00,24466.24,24466.24,outside the killzone window
91,2025.02.07 16:00:00,2025.02.07 18:30:00,SKIP,XAUUSD,M5,20,FLAT,NA,EVENING,0,0.00,0.00,0.00,0.00,1.00,0.00,0.00,0.00,0.00,0.00,0.00,0.00,0.00,0.00,0.00,0.00,0.00,0.00,2864.94,2864.96,2863.78,2865.04,2865.01,0.262,4.51,42.92,45.93,45.93,-0.85,-0.95,0.10,2864.89,2862.57,1041,835,28.6,71.4,6,1,CROSS=EMA9>EMA21;TREND=1;STRUCT=1;VOL=1;COOL=0;EMA50=1;VWAP=1;BIAS=1,0.00,0.00,24466.24,24466.24,outside the killzone window
92,2025.02.07 16:25:00,2025.02.07 18:55:00,SKIP,XAUUSD,M5,20,FLAT,NA,EVENING,0,0.00,0.00,0.00,0.00,1.00,0.00,0.00,0.00,0.00,0.00,0.00,0.00,0.00,0.00,0.00,0.00,0.00,0.00,2864.99,2864.98,2863.84,2864.72,2864.84,0.197,5.77,38.58,62.40,62.40,0.30,-0.74,1.04,2864.84,2871.70,1176,1027,100.0,0.0,11,1,CROSS=EMA9>EMA21;TREND=1;STRUCT=1;VOL=1;COOL=0;EMA50=1;VWAP=1;BIAS=1,0.00,0.00,24466.24,24466.24,outside the killzone window
93,2025.02.07 19:35:00,2025.02.07 22:05:00,SKIP,XAUUSD,M5,20,FLAT,NA,EVENING,0,0.00,0.00,0.00,0.00,1.00,0.00,0.00,0.00,0.00,0.00,0.00,0.00,0.00,0.00,0.00,0.00,0.00,0.00,2867.71,2867.78,2866.14,2868.27,2868.06,0.477,3.44,53.12,27.44,27.44,-4.83,-4.09,-0.73,2866.96,2853.86,815,962,0.0,85.7,9,1,CROSS=EMA9>EMA21;TREND=1;STRUCT=1;VOL=1;COOL=0;EMA50=1;VWAP=1;BIAS=1,0.00,0.00,24466.24,24466.24,outside the killzone window
94,2025.02.10 01:00:00,2025.02.10 03:30:00,WEEK_SUMMARY,XAUUSD,M5,20,FLAT,NA,DAY,0,0.00,0.00,0.00,0.00,1.00,0.00,0.00,0.00,0.00,0.00,0.00,0.00,0.00,0.00,0.00,0.00,-1.00,-124.00,2862.24,2863.66,2864.21,2862.28,2863.71,-0.485,1.14,20.86,48.20,48.20,-0.05,0.07,-0.12,2866.12,2861.30,62,362,0.0,71.4,11,1,CROSS=EMA9>EMA21;TREND=1;STRUCT=1;VOL=1;COOL=0;EMA50=1;VWAP=1;BIAS=1,0.00,0.00,24466.24,24466.24,days=1 trades=1 W=0 L=1 gross_profit=0.00 gross_loss=124.00 net=-124.00 PF=0.00 pips=-303.0
95,2025.02.10 02:25:00,2025.02.10 04:55:00,SKIP,XAUUSD,M5,20,FLAT,NA,DAY,0,0.00,0.00,0.00,0.00,1.00,0.00,0.00,0.00,0.00,0.00,0.00,0.00,0.00,0.00,0.00,0.00,0.00,0.00,2864.61,2864.61,2864.63,2864.54,2864.57,-0.012,2.17,24.75,53.34,53.34,1.28,1.71,-0.43,2866.45,2866.37,305,301,42.9,42.9,7,1,CROSS=EMA9>EMA21;TREND=1;STRUCT=1;VOL=1;COOL=0;EMA50=1;VWAP=1;BIAS=1,0.00,0.00,24466.24,24466.24,outside the killzone window
96,2025.02.11 10:10:00,2025.02.11 12:40:00,SKIP,XAUUSD,M5,20,FLAT,NA,DAY,0,0.00,0.00,0.00,0.00,1.00,0.00,0.00,0.00,0.00,0.00,0.00,0.00,0.00,0.00,0.00,0.00,0.00,0.00,2917.45,2917.54,2912.89,2917.65,2917.64,1.460,3.18,29.33,41.64,41.64,-2.23,-2.40,0.17,2921.26,2912.53,638,736,14.3,71.4,8,1,CROSS=EMA9>EMA21;TREND=1;STRUCT=1;VOL=1;COOL=0;EMA50=1;VWAP=1;BIAS=1,0.00,0.00,24466.24,24466.24,outside the killzone window
97,2025.02.12 17:40:00,2025.02.12 20:10:00,SKIP,XAUUSD,M5,20,FLAT,NA,EVENING,0,0.00,0.00,0.00,0.00,1.00,0.00,0.00,0.00,0.00,0.00,0.00,0.00,0.00,0.00,0.00,0.00,0.00,0.00,2887.61,2887.47,2890.02,2887.31,2887.31,-0.690,3.69,24.52,59.12,59.12,2.52,2.61,-0.09,2888.32,2895.02,852,1061,57.1,14.3,10,1,CROSS=EMA9>EMA21;TREND=1;STRUCT=1;VOL=1;COOL=0;EMA50=1;VWAP=1;BIAS=1,0.00,0.00,24466.24,24466.24,outside the killzone window
98,2025.02.13 16:35:00,2025.02.13 19:05:00,SKIP,XAUUSD,M5,20,FLAT,NA,EVENING,0,0.00,0.00,0.00,0.00,1.00,0.00,0.00,0.00,0.00,0.00,0.00,0.00,0.00,0.00,0.00,0.00,0.00,0.00,2914.33,2914.38,2911.49,2914.50,2914.47,0.789,3.66,32.18,40.26,40.26,-1.66,-1.80,0.14,2913.38,2910.06,1072,920,28.6,71.4,9,1,CROSS=EMA9>EMA21;TREND=1;STRUCT=1;VOL=1;COOL=0;EMA50=1;VWAP=1;BIAS=1,0.00,0.00,24466.24,24466.24,outside the killzone window
99,2025.02.13 16:55:00,2025.02.13 19:25:00,SKIP,XAUUSD,M5,20,FLAT,NA,EVENING,0,0.00,0.00,0.00,0.00,1.00,0.00,0.00,0.00,0.00,0.00,0.00,0.00,0.00,0.00,0.00,0.00,0.00,0.00,2914.49,2914.46,2911.65,2914.42,2914.43,0.871,3.23,25.34,57.05,57.05,-0.27,-1.30,1.02,2913.43,2916.16,791,945,85.7,0.0,7,1,CROSS=EMA9>EMA21;TREND=1;STRUCT=1;VOL=1;COOL=0;EMA50=1;VWAP=1;BIAS=1,0.00,0.00,24466.24,24466.24,outside the killzone window
100,2025.02.14 15:25:00,2025.02.14 17:55:00,SKIP,XAUUSD,M5,20,FLAT,NA,EVENING,0,0.00,0.00,0.00,0.00,1.00,0.00,0.00,0.00,0.00,0.00,0.00,0.00,0.00,0.00,0.00,0.00,0.00,0.00,2932.25,2932.27,2929.72,2932.42,2932.35,1.171,2.18,23.65,37.90,37.90,-1.59,-1.47,-0.11,2931.85,2927.93,1027,637,0.0,85.7,10,1,CROSS=EMA9>EMA21;TREND=1;STRUCT=1;VOL=1;COOL=0;EMA50=1;VWAP=1;BIAS=1,0.00,0.00,24466.24,24466.24,outside the killzone window
101,2025.02.17 05:30:00,2025.02.17 08:00:00,ENTRY,XAUUSD,M5,22,BUY,FULLTGT,DAY,0,2901.25,2897.51,2897.51,3.74,1.00,3.74,2904.99,2908.72,2912.46,2916.19,2919.93,0.32,0.32,0.32,2901.25,0.00,0.00,0.00,2893.24,2893.13,2899.63,2892.92,2892.96,-3.484,1.87,37.05,69.07,69.07,2.70,2.82,-0.12,2891.22,2901.18,489,514,71.4,14.3,8,1,CROSS=EMA9>EMA21;TREND=1;STRUCT=1;VOL=1;COOL=1;EMA50=1;VWAP=1;BIAS=1,0.00,0.00,24465.12,24462.56,KZ=ASIA; KZR=Asia H @ 2873.37 2748 bars ago (high taken); DAY 12AM-4PM IST session: stop x1.00 of usual; no partials; full size to TP5; SL steps BE->TP1->TP2->TP3
102,2025.02.17 07:28:05,2025.02.17 09:58:05,TP1_REACHED,XAUUSD,M5,22,BUY,FULLTGT,DAY,0,2901.25,2897.51,2897.51,3.74,1.00,3.74,2904.99,2908.72,2912.46,2916.19,2919.93,0.32,0.00,0.32,2904.99,1.00,1.00,0.00,2898.54,2896.47,2900.18,2898.40,2896.36,-2.284,1.62,28.84,55.17,55.17,0.41,0.77,-0.36,2893.84,2901.93,421,372,85.7,14.3,13,1,CROSS=EMA9>EMA21;TREND=1;STRUCT=1;VOL=1;COOL=1;EMA50=1;VWAP=1;BIAS=1,1.00,-0.73,24465.12,24585.12,full target: no partial booked
103,2025.02.17 07:57:13,2025.02.17 10:27:13,EXIT_SL,XAUUSD,M5,22,BUY,FULLTGT,DAY,0,2901.25,2897.51,2897.51,3.74,1.00,3.74,2904.99,2908.72,2912.46,2916.19,2919.93,0.32,0.32,0.00,2897.51,0.00,-1.00,-121.92,2899.09,2897.00,2900.24,2899.09,2896.96,-1.650,1.96,21.84,43.39,43.39,0.11,0.38,-0.27,2894.44,2899.25,509,421,28.6,57.1,12,1,CROSS=EMA9>EMA21;TREND=1;STRUCT=1;VOL=1;COOL=1;EMA50=1;VWAP=1;BIAS=1,1.07,-1.00,24344.32,24344.32,stopped at the initial SL (x1.00 of usual)
104,2025.02.17 15:55:00,2025.02.17 18:25:00,SKIP,XAUUSD,M5,22,FLAT,NA,EVENING,0,0.00,0.00,0.00,0.00,1.00,0.00,0.00,0.00,0.00,0.00,0.00,0.00,0.00,0.00,0.00,0.00,0.00,0.00,2898.75,2898.78,2899.57,2898.83,2898.82,-0.435,1.80,20.33,43.30,43.30,-0.61,-0.60,-0.02,2896.86,2896.83,522,614,0.0,71.4,5,1,CROSS=EMA9>EMA21;TREND=1;STRUCT=1;VOL=1;COOL=1;EMA50=1;VWAP=1;BIAS=1,0.00,0.00,24344.32,24344.32,outside the killzone window
105,2025.02.17 17:00:00,2025.02.17 19:30:00,SKIP,XAUUSD,M5,22,FLAT,NA,EVENING,0,0.00,0.00,0.00,0.00,1.00,0.00,0.00,0.00,0.00,0.00,0.00,0.00,0.00,0.00,0.00,0.00,0.00,0.00,2898.90,2898.84,2899.49,2898.74,2898.75,-0.385,1.70,34.11,72.11,72.11,0.68,0.05,0.63,2897.04,2902.96,851,645,100.0,0.0,6,1,CROSS=EMA9>EMA21;TREND=1;STRUCT=1;VOL=1;COOL=1;EMA50=1;VWAP=1;BIAS=1,0.00,0.00,24344.32,24344.32,outside the killzone window
106,2025.02.17 20:10:00,2025.02.17 22:40:00,SKIP,XAUUSD,M5,22,FLAT,NA,EVENING,0,0.00,0.00,0.00,0.00,1.00,0.00,0.00,0.00,0.00,0.00,0.00,0.00,0.00,0.00,0.00,0.00,0.00,0.00,2898.96,2898.97,2899.38,2898.99,2898.98,-0.517,0.80,19.46,46.83,46.83,-0.17,-0.11,-0.06,2897.37,2898.42,225,336,14.3,57.1,8,1,CROSS=EMA9>EMA21;TREND=1;STRUCT=1;VOL=1;COOL=1;EMA50=1;VWAP=1;BIAS=1,0.00,0.00,24344.32,24344.32,outside the killzone window
107,2025.02.18 01:00:00,2025.02.18 03:30:00,DAY_SUMMARY,XAUUSD,M5,22,FLAT,NA,DAY,0,0.00,0.00,0.00,0.00,1.00,0.00,0.00,0.00,0.00,0.00,0.00,0.00,0.00,0.00,0.00,0.00,-1.00,-121.92,2898.54,2898.72,2899.19,2898.52,2898.71,-0.614,0.76,16.73,56.36,56.36,-0.09,-0.23,0.14,2897.39,2899.13,264,229,71.4,14.3,11,1,CROSS=EMA9>EMA21;TREND=1;STRUCT=1;VOL=1;COOL=1;EMA50=1;VWAP=1;BIAS=1,0.00,0.00,24344.32,24344.32,2025.02.17 trades=1 W=0 L=1 gross_profit=0.00 gross_loss=121.92 net=-121.92 PF=0.00
108,2025.02.18 03:00:00,2025.02.18 05:30:00,SKIP,XAUUSD,M5,22,FLAT,NA,DAY,0,0.00,0.00,0.00,0.00,1.00,0.00,0.00,0.00,0.00,0.00,0.00,0.00,0.00,0.00,0.00,0.00,0.00,0.00,2898.77,2898.77,2899.11,2898.75,2898.76,-0.441,0.77,19.89,53.79,53.79,0.26,0.27,-0.01,2898.95,2899.25,114,123,57.1,14.3,7,1,CROSS=EMA9>EMA21;TREND=1;STRUCT=1;VOL=1;COOL=1;EMA50=1;VWAP=1;BIAS=1,0.00,0.00,24344.32,24344.32,already positioned that way
109,2025.02.18 03:05:00,2025.02.18 05:35:00,ENTRY,XAUUSD,M5,24,SELL,FULLTGT,DAY,0,2898.01,2899.79,2899.79,1.78,1.00,1.78,2896.23,2894.45,2892.67,2890.90,2889.12,0.68,0.68,0.68,2898.01,0.00,0.00,0.00,2898.74,2898.75,2899.10,2898.77,2898.77,-0.385,0.89,20.85,42.50,42.50,0.15,0.25,-0.11,2898.86,2898.01,659,152,0.0,85.7,11,1,CROSS=EMA9<EMA21;TREND=1;STRUCT=1;VOL=1;COOL=1;EMA50=1;VWAP=1;BIAS=1,0.00,0.00,24341.94,24334.46,KZ=ASIA; KZR=Asia H @ 2873.37 3007 bars ago (high taken); DAY 12AM-4PM IST session: stop x1.00 of usual; no partials; full size to TP5; SL steps BE->TP1->TP2->TP3
110,2025.02.18 03:10:26,2025.02.18 05:40:26,TP1_REACHED,XAUUSD,M5,24,SELL,FULLTGT,DAY,0,2898.01,2899.79,2899.79,1.78,1.00,1.78,2896.23,2894.45,2892.67,2890.90,2889.12,0.68,0.00,0.68,2896.23,1.00,1.00,0.00,2898.66,2898.71,2899.07,2898.74,2898.75,-0.376,0.95,23.59,34.46,34.46,-0.04,0.22,-0.26,2898.63,2896.73,534,175,0.0,85.7,11,1,CROSS=EMA9<EMA21;TREND=1;STRUCT=1;VOL=1;COOL=1;EMA50=1;VWAP=1;BIAS=1,1.00,-0.08,24341.94,24463.66,full target: no partial booked
111,2025.02.18 03:33:27,2025.02.18 06:03:27,TP2_REACHED,XAUUSD,M5,24,SELL,FULLTGT,DAY,0,2898.01,2899.79,2899.79,1.78,1.00,1.78,2896.23,2894.45,2892.67,2890.90,2889.12,0.68,0.00,0.68,2894.45,2.00,2.00,0.00,2898.34,2898.54,2898.97,2898.47,2898.61,-0.334,1.28,29.02,28.03,28.03,-0.55,-0.05,-0.50,2898.05,2895.11,305,236,0.0,100.0,9,1,CROSS=EMA9<EMA21;TREND=1;STRUCT=1;VOL=1;COOL=1;EMA50=1;VWAP=1;BIAS=1,1.97,-0.28,24341.94,24586.06,full target: no partial booked
112,2025.02.18 03:34:27,2025.02.18 06:04:27,TP3_REACHED,XAUUSD,M5,24,SELL,FULLTGT,DAY,0,2898.01,2899.79,2899.79,1.78,1.00,1.78,2896.23,2894.45,2892.67,2890.90,2889.12,0.68,0.00,0.68,2892.67,3.00,3.00,0.00,2898.34,2898.54,2898.97,2898.47,2898.61,-0.334,1.28,29.02,28.03,28.03,-0.55,-0.05,-0.50,2898.05,2895.11,305,236,0.0,100.0,13,1,CROSS=EMA9<EMA21;TREND=1;STRUCT=1;VOL=1;COOL=1;EMA50=1;VWAP=1;BIAS=1,2.99,-0.28,24341.94,24705.74,full target: no partial booked
113,2025.02.18 04:38:40,2025.02.18 07:08:40,EXIT_SL,XAUUSD,M5,24,SELL,FULLTGT,DAY,0,2898.01,2899.79,2899.79,1.78,1.00,1.78,2896.23,2894.45,2892.67,2890.90,2889.12,0.68,0.68,0.00,2899.80,0.00,-1.01,-126.48,2897.64,2898.08,2898.67,2897.62,2898.08,-0.305,1.93,19.47,53.90,53.90,-0.10,-0.52,0.42,2897.11,2898.12,404,409,57.1,14.3,11,1,CROSS=EMA9<EMA21;TREND=1;STRUCT=1;VOL=1;COOL=1;EMA50=1;VWAP=1;BIAS=1,3.37,-0.98,24217.84,24217.84,stopped at the initial SL (x1.00 of usual)
114,2025.02.18 05:00:00,2025.02.18 07:30:00,ENTRY,XAUUSD,M5,26,BUY,FULLTGT,DAY,0,2903.26,2899.71,2899.71,3.55,1.00,3.55,2906.81,2910.37,2913.92,2917.47,2921.02,0.34,0.34,0.34,2903.26,0.00,0.00,0.00,2898.64,2898.57,2898.89,2898.46,2898.47,-0.181,1.78,25.54,64.75,64.75,1.43,0.44,0.99,2898.32,2903.13,426,435,85.7,0.0,9,1,CROSS=EMA9>EMA21;TREND=1;STRUCT=1;VOL=1;COOL=1;EMA50=1;VWAP=1;BIAS=1,0.00,0.00,24216.65,24213.59,KZ=ASIA; KZR=Asia H @ 2873.37 3030 bars ago (high taken); DAY 12AM-4PM IST session: stop x1.00 of usual; no partials; full size to TP5; SL steps BE->TP1->TP2->TP3
115,2025.02.18 05:02:40,2025.02.18 07:32:40,TP1_REACHED,XAUUSD,M5,26,BUY,FULLTGT,DAY,0,2903.26,2899.71,2899.71,3.55,1.00,3.55,2906.81,2910.37,2913.92,2917.47,2921.02,0.34,0.00,0.34,2906.81,1.00,1.00,0.00,2898.64,2898.57,2898.89,2898.46,2898.47,-0.181,1.78,25.54,64.75,64.75,1.43,0.44,0.99,2898.32,2903.13,426,435,85.7,0.0,10,1,CROSS=EMA9>EMA21;TREND=1;STRUCT=1;VOL=1;COOL=1;EMA50=1;VWAP=1;BIAS=1,1.00,-0.11,24216.65,24338.37,full target: no partial booked
116,2025.02.18 05:32:13,2025.02.18 08:02:13,TP2_REACHED,XAUUSD,M5,26,BUY,FULLTGT,DAY,0,2903.26,2899.71,2899.71,3.55,1.00,3.55,2906.81,2910.37,2913.92,2917.47,2921.02,0.34,0.00,0.34,2910.37,2.00,2.00,0.00,2900.70,2899.66,2899.43,2900.35,2899.46,0.107,2.14,41.56,73.08,73.08,3.06,2.08,0.98,2900.20,2909.37,440,471,85.7,0.0,9,1,CROSS=EMA9>EMA21;TREND=1;STRUCT=1;VOL=1;COOL=1;EMA50=1;VWAP=1;BIAS=1,2.00,-0.11,24216.65,24458.73,full target: no partial booked
117,2025.02.18 07:12:35,2025.02.18 09:42:35,TP3_REACHED,XAUUSD,M5,26,BUY,FULLTGT,DAY,0,2903.26,2899.71,2899.71,3.55,1.00,3.55,2906.81,2910.37,2913.92,2917.47,2921.02,0.34,0.00,0.34,2913.92,3.00,3.00,0.00,2905.53,2902.87,2901.23,2905.25,2902.67,1.148,1.43,28.65,71.16,71.16,1.82,1.78,0.04,2902.56,2912.52,455,294,100.0,0.0,10,1,CROSS=EMA9>EMA21;TREND=1;STRUCT=1;VOL=1;COOL=1;EMA50=1;VWAP=1;BIAS=1,3.00,-0.11,24216.65,24579.77,full target: no partial booked
118,2025.02.18 14:45:27,2025.02.18 17:15:27,TP4_REACHED,XAUUSD,M5,26,BUY,FULLTGT,EVENING,0,2903.26,2899.71,2899.71,3.55,1.00,3.55,2906.81,2910.37,2913.92,2917.47,2921.02,0.34,0.00,0.34,2917.47,4.00,4.00,0.00,2912.30,2910.74,2907.79,2912.13,2910.62,2.143,1.38,46.28,71.46,71.46,1.02,0.70,0.32,2908.60,2916.48,640,462,100.0,0.0,10,1,CROSS=EMA9>EMA21;TREND=1;STRUCT=1;VOL=1;COOL=1;EMA50=1;VWAP=1;BIAS=1,4.00,-0.11,24216.65,24700.13,full target: no partial booked
119,2025.02.18 15:46:29,2025.02.18 18:16:29,TP5_EXIT,XAUUSD,M5,26,BUY,FULLTGT,EVENING,0,2903.26,2899.71,2899.71,3.55,1.00,3.55,2906.81,2910.37,2913.92,2917.47,2921.02,0.34,0.34,0.00,2921.03,5.00,5.00,0.00,2914.21,2912.13,2908.86,2913.98,2911.98,1.477,2.22,37.09,67.45,67.45,1.48,1.29,0.19,2909.68,2919.89,760,647,100.0,0.0,9,1,CROSS=EMA9>EMA21;TREND=1;STRUCT=1;VOL=1;COOL=1;EMA50=1;VWAP=1;BIAS=1,5.00,-0.11,24819.64,24819.64,full target reached; closed in full
120,2025.02.18 15:46:30,2025.02.18 18:16:30,EXIT_TP,XAUUSD,M5,26,BUY,FULLTGT,EVENING,0,2903.26,2899.71,2899.71,3.55,1.00,3.55,2906.81,2910.37,2913.92,2917.47,2921.02,0.34,0.34,0.00,2921.03,0.00,5.00,601.80,2914.21,2912.13,2908.86,2913.98,2911.98,1.477,2.22,37.09,67.45,67.45,1.48,1.29,0.19,2909.68,2919.89,760,647,100.0,0.0,9,1,CROSS=EMA9>EMA21;TREND=1;STRUCT=1;VOL=1;COOL=1;EMA50=1;VWAP=1;BIAS=1,5.00,-0.11,24819.64,24819.64,TP5 exit
121,2025.02.19 01:00:00,2025.02.19 03:30:00,DAY_SUMMARY,XAUUSD,M5,26,FLAT,NA,DAY,0,0.00,0.00,0.00,0.00,1.00,0.00,0.00,0.00,0.00,0.00,0.00,0.00,0.00,0.00,0.00,0.00,4.00,475.32,2933.24,2929.58,2923.05,2933.16,2929.47,6.193,1.05,29.51,54.17,54.17,0.37,0.20,0.17,2918.05,2935.08,180,282,85.7,0.0,11,1,CROSS=EMA9>EMA21;TREND=1;STRUCT=1;VOL=1;COOL=1;EMA50=1;VWAP=1;BIAS=1,0.00,0.00,24819.64,24819.64,2025.02.18 trades=2 W=1 L=1 gross_profit=601.80 gross_loss=126.48 net=475.32 PF=4.76
122,2025.02.19 06:30:00,2025.02.19 09:00:00,ENTRY,XAUUSD,M5,28,SELL,FULLTGT,DAY,0,2928.00,2930.36,2930.36,2.36,1.00,2.36,2925.64,2923.28,2920.92,2918.55,2916.19,0.52,0.52,0.52,2928.00,0.00,0.00,0.00,2931.02,2931.04,2927.35,2931.14,2931.10,3.129,1.18,19.06,39.67,39.67,-1.09,-1.21,0.12,2931.94,2928.00,319,404,14.3,57.1,7,1,CROSS=EMA9<EMA21;TREND=1;STRUCT=1;VOL=1;COOL=1;EMA50=1;VWAP=1;BIAS=1,0.00,0.00,24817.82,24814.18,KZ=ASIA; KZR=Asia H @ 2932.45 140 bars ago (high taken); DAY 12AM-4PM IST session: stop x1.00 of usual; no partials; full size to TP5; SL steps BE->TP1->TP2->TP3
123,2025.02.19 07:01:33,2025.02.19 09:31:33,EXIT_SL,XAUUSD,M5,28,SELL,FULLTGT,DAY,0,2928.00,2930.36,2930.36,2.36,1.00,2.36,2925.64,2923.28,2920.92,2918.55,2916.19,0.52,0.52,0.00,2930.36,0.00,-1.00,-126.36,2930.45,2930.74,2927.40,2930.50,2930.77,2.930,1.14,15.94,49.35,49.35,-0.73,-1.00,0.27,2931.71,2929.21,264,297,14.3,57.1,11,1,CROSS=EMA9<EMA21;TREND=1;STRUCT=1;VOL=1;COOL=1;EMA50=1;VWAP=1;BIAS=1,0.61,-0.99,24693.28,24693.28,stopped at the initial SL (x1.00 of usual)
124,2025.02.19 08:10:00,2025.02.19 10:40:00,SKIP,XAUUSD,M5,28,FLAT,NA,DAY,0,0.00,0.00,0.00,0.00,1.00,0.00,0.00,0.00,0.00,0.00,0.00,0.00,0.00,0.00,0.00,0.00,0.00,0.00,2930.92,2930.90,2927.92,2930.76,2930.82,2.005,1.49,46.73,71.15,71.15,1.13,0.42,0.71,2931.63,2934.89,446,327,100.0,0.0,8,1,CROSS=EMA9<EMA21;TREND=1;STRUCT=1;VOL=1;COOL=1;EMA50=1;VWAP=1;BIAS=1,0.00,0.00,24693.28,24693.28,outside the killzone window
125,2025.02.19 17:50:00,2025.02.19 20:20:00,SKIP,XAUUSD,M5,28,FLAT,NA,EVENING,0,0.00,0.00,0.00,0.00,1.00,0.00,0.00,0.00,0.00,0.00,0.00,0.00,0.00,0.00,0.00,0.00,0.00,0.00,2937.24,2937.28,2935.00,2937.33,2937.33,0.812,2.81,15.89,45.35,45.35,-0.46,-0.50,0.04,2936.12,2934.92,1050,949,14.3,71.4,6,1,CROSS=EMA9<EMA21;TREND=1;STRUCT=1;VOL=1;COOL=1;EMA50=1;VWAP=1;BIAS=1,0.00,0.00,24693.28,24693.28,outside the killzone window
126,2025.02.20 01:00:00,2025.02.20 03:30:00,DAY_SUMMARY,XAUUSD,M5,28,FLAT,NA,DAY,0,0.00,0.00,0.00,0.00,1.00,0.00,0.00,0.00,0.00,0.00,0.00,0.00,0.00,0.00,0.00,0.00,-1.00,-126.36,2931.82,2931.85,2932.16,2931.77,2931.83,-0.263,1.17,35.52,50.28,50.28,0.64,1.33,-0.69,2933.65,2932.99,114,385,42.9,42.9,11,1,CROSS=EMA9<EMA21;TREND=1;STRUCT=1;VOL=1;COOL=1;EMA50=1;VWAP=1;BIAS=1,0.00,0.00,24693.28,24693.28,2025.02.19 trades=1 W=0 L=1 gross_profit=0.00 gross_loss=126.36 net=-126.36 PF=0.00
127,2025.02.20 01:05:00,2025.02.20 03:35:00,SKIP,XAUUSD,M5,28,FLAT,NA,DAY,0,0.00,0.00,0.00,0.00,1.00,0.00,0.00,0.00,0.00,0.00,0.00,0.00,0.00,0.00,0.00,0.00,0.00,0.00,2931.89,2931.89,2932.18,2931.82,2931.85,-0.257,1.11,31.24,54.54,54.54,0.60,1.16,-0.56,2933.76,2933.79,98,367,71.4,14.3,11,1,CROSS=EMA9<EMA21;TREND=1;STRUCT=1;VOL=1;COOL=1;EMA50=1;VWAP=1;BIAS=1,0.00,0.00,24693.28,24693.28,outside the killzone window
128,2025.02.20 15:50:00,2025.02.20 18:20:00,SKIP,XAUUSD,M5,28,FLAT,NA,EVENING,0,0.00,0.00,0.00,0.00,1.00,0.00,0.00,0.00,0.00,0.00,0.00,0.00,0.00,0.00,0.00,0.00,0.00,0.00,2946.68,2946.81,2944.11,2947.10,2947.02,0.820,3.30,23.29,33.04,33.04,-1.97,-1.71,-0.26,2945.59,2936.36,1206,784,0.0,85.7,8,1,CROSS=EMA9<EMA21;TREND=1;STRUCT=1;VOL=1;COOL=1;EMA50=1;VWAP=1;BIAS=1,0.00,0.00,24693.28,24693.28,outside the killzone window
129,2025.02.21 03:15:00,2025.02.21 05:45:00,ENTRY,XAUUSD,M5,30,BUY,FULLTGT,DAY,0,2946.11,2942.47,2942.47,3.64,1.00,3.64,2949.75,2953.39,2957.03,2960.67,2964.31,0.33,0.33,0.33,2946.11,0.00,0.00,0.00,2940.50,2940.48,2940.85,2940.28,2940.37,-0.203,1.82,28.05,73.55,73.55,0.99,0.28,0.71,2941.73,2946.04,559,273,100.0,0.0,11,1,CROSS=EMA9>EMA21;TREND=1;STRUCT=1;VOL=1;COOL=1;EMA50=1;VWAP=1;BIAS=1,0.00,0.00,24692.12,24688.49,KZ=ASIA; KZR=Asia H @ 2939.72 487 bars ago (high taken); DAY 12AM-4PM IST session: stop x1.00 of usual; no partials; full size to TP5; SL steps BE->TP1->TP2->TP3
130,2025.02.21 03:20:41,2025.02.21 05:50:41,TP1_REACHED,XAUUSD,M5,30,BUY,FULLTGT,DAY,0,2946.11,2942.47,2942.47,3.64,1.00,3.64,2949.75,2953.39,2957.03,2960.67,2964.31,0.33,0.00,0.33,2949.75,1.00,1.00,0.00,2940.83,2940.65,2940.93,2940.50,2940.48,-0.148,1.92,32.60,79.03,79.03,1.45,0.42,1.03,2942.36,2948.77,701,303,100.0,0.0,8,1,CROSS=EMA9>EMA21;TREND=1;STRUCT=1;VOL=1;COOL=1;EMA50=1;VWAP=1;BIAS=1,0.99,-0.06,24692.12,24812.90,full target: no partial booked
131,2025.02.21 03:39:25,2025.02.21 06:09:25,EXIT_SL,XAUUSD,M5,30,BUY,FULLTGT,DAY,0,2946.11,2942.47,2942.47,3.64,1.00,3.64,2949.75,2953.39,2957.03,2960.67,2964.31,0.33,0.33,0.00,2942.46,0.00,-1.00,-122.77,2941.45,2940.98,2941.09,2941.28,2940.89,-0.054,2.08,34.18,62.07,62.07,1.71,0.96,0.76,2943.19,2945.63,582,358,100.0,0.0,8,1,CROSS=EMA9>EMA21;TREND=1;STRUCT=1;VOL=1;COOL=1;EMA50=1;VWAP=1;BIAS=1,1.01,-0.99,24570.51,24570.51,stopped at the initial SL (x1.00 of usual)
132,2025.02.21 03:55:00,2025.02.21 06:25:00,ENTRY,XAUUSD,M5,32,SELL,FULLTGT,DAY,0,2931.60,2937.83,2937.83,6.23,1.00,6.23,2925.37,2919.13,2912.90,2906.67,2900.44,0.19,0.19,0.19,2931.60,0.00,0.00,0.00,2940.50,2940.53,2940.86,2940.87,2940.71,-0.106,3.12,34.36,29.01,29.01,-1.04,0.92,-1.96,2940.90,2931.59,1082,493,14.3,85.7,10,1,CROSS=EMA9<EMA21;TREND=1;STRUCT=1;VOL=1;COOL=1;EMA50=1;VWAP=1;BIAS=1,0.00,0.00,24569.84,24567.94,KZ=ASIA; KZR=Asia H @ 2939.72 495 bars ago (high taken); DAY 12AM-4PM IST session: stop x1.00 of usual; no partials; full size to TP5; SL steps BE->TP1->TP2->TP3
133,2025.02.21 04:13:38,2025.02.21 06:43:38,EXIT_SL,XAUUSD,M5,32,SELL,FULLTGT,DAY,0,2931.60,2937.83,2937.83,6.23,1.00,6.23,2925.37,2919.13,2912.90,2906.67,2900.44,0.19,0.19,0.00,2937.89,0.00,-1.01,-120.85,2939.56,2940.04,2940.60,2939.69,2940.11,-0.136,4.12,35.93,45.02,45.02,-2.12,-0.23,-1.89,2939.33,2936.34,922,580,14.3,85.7,7,1,CROSS=EMA9<EMA21;TREND=1;STRUCT=1;VOL=1;COOL=1;EMA50=1;VWAP=1;BIAS=1,0.82,-1.00,24449.66,24449.66,stopped at the initial SL (x1.00 of usual)
134,2025.02.21 15:20:00,2025.02.21 17:50:00,SKIP,XAUUSD,M5,32,FLAT,NA,EVENING,0,0.00,0.00,0.00,0.00,1.00,0.00,0.00,0.00,0.00,0.00,0.00,0.00,0.00,0.00,0.00,0.00,0.00,0.00,2931.06,2931.04,2932.97,2930.98,2931.00,-1.039,1.85,25.61,54.68,54.68,0.42,0.64,-0.22,2932.01,2932.97,711,504,85.7,14.3,13,1,CROSS=EMA9<EMA21;TREND=1;STRUCT=1;VOL=1;COOL=1;EMA50=1;VWAP=1;BIAS=1,0.00,0.00,24449.66,24449.66,outside the killzone window
135,2025.02.21 15:40:00,2025.02.21 18:10:00,SKIP,XAUUSD,M5,32,FLAT,NA,EVENING,0,0.00,0.00,0.00,0.00,1.00,0.00,0.00,0.00,0.00,0.00,0.00,0.00,0.00,0.00,0.00,0.00,0.00,0.00,2931.04,2931.04,2932.89,2931.13,2931.08,-0.781,2.37,19.69,39.68,39.68,-0.11,0.34,-0.44,2931.96,2928.78,879,613,0.0,85.7,5,1,CROSS=EMA9<EMA21;TREND=1;STRUCT=1;VOL=1;COOL=1;EMA50=1;VWAP=1;BIAS=1,0.00,0.00,24449.66,24449.66,outside the killzone window
136,2025.02.21 16:10:00,2025.02.21 18:40:00,SKIP,XAUUSD,M5,32,FLAT,NA,EVENING,0,0.00,0.00,0.00,0.00,1.00,0.00,0.00,0.00,0.00,0.00,0.00,0.00,0.00,0.00,0.00,0.00,0.00,0.00,2931.05,2931.04,2932.78,2930.98,2931.00,-0.612,2.85,20.28,54.62,54.62,-0.10,-0.08,-0.03,2931.91,2932.91,598,654,57.1,14.3,5,1,CROSS=EMA9<EMA21;TREND=1;STRUCT=1;VOL=1;COOL=1;EMA50=1;VWAP=1;BIAS=1,0.00,0.00,24449.66,24449.66,outside the killzone window
137,2025.02.21 17:30:00,2025.02.21 20:00:00,SKIP,XAUUSD,M5,32,FLAT,NA,EVENING,0,0.00,0.00,0.00,0.00,1.00,0.00,0.00,0.00,0.00,0.00,0.00,0.00,0.00,0.00,0.00,0.00,0.00,0.00,2931.09,2931.13,2932.59,2931.32,2931.25,-0.374,3.91,32.94,38.56,38.56,-1.28,0.04,-1.33,2931.84,2925.45,1058,872,14.3,85.7,5,1,CROSS=EMA9<EMA21;TREND=1;STRUCT=1;VOL=1;COOL=1;EMA50=1;VWAP=1;BIAS=1,0.00,0.00,24449.66,24449.66,outside the killzone window
138,2025.02.21 18:40:00,2025.02.21 21:10:00,SKIP,XAUUSD,M5,32,FLAT,NA,EVENING,0,0.00,0.00,0.00,0.00,1.00,0.00,0.00,0.00,0.00,0.00,0.00,0.00,0.00,0.00,0.00,0.00,0.00,0.00,2931.24,2931.15,2932.39,2930.98,2931.02,-0.463,2.69,39.24,63.53,63.53,1.12,-0.16,1.29,2931.70,2937.46,676,851,85.7,0.0,9,1,CROSS=EMA9<EMA21;TREND=1;STRUCT=1;VOL=1;COOL=1;EMA50=1;VWAP=1;BIAS=1,0.00,0.00,24449.66,24449.66,outside the killzone window
139,2025.02.24 01:00:00,2025.02.24 03:30:00,DAY_SUMMARY,XAUUSD,M5,32,FLAT,NA,DAY,0,0.00,0.00,0.00,0.00,1.00,0.00,0.00,0.00,0.00,0.00,0.00,0.00,0.00,0.00,0.00,0.00,-2.01,-243.62,2936.35,2935.56,2934.81,2936.37,2935.55,0.583,1.28,21.49,48.39,48.39,-0.14,-0.38,0.25,2933.02,2935.89,48,387,42.9,28.6,10,1,CROSS=EMA9<EMA21;TREND=1;STRUCT=1;VOL=1;COOL=1;EMA50=1;VWAP=1;BIAS=1,0.00,0.00,24449.66,24449.66,2025.02.21 trades=2 W=0 L=2 gross_profit=0.00 gross_loss=243.62 net=-243.62 PF=0.00
140,2025.02.24 01:00:00,2025.02.24 03:30:00,WEEK_SUMMARY,XAUUSD,M5,32,FLAT,NA,DAY,0,0.00,0.00,0.00,0.00,1.00,0.00,0.00,0.00,0.00,0.00,0.00,0.00,0.00,0.00,0.00,0.00,-0.02,-16.58,2936.35,2935.56,2934.81,2936.37,2935.55,0.583,1.28,21.49,48.39,48.39,-0.14,-0.38,0.25,2933.02,2935.89,48,387,42.9,28.6,10,1,CROSS=EMA9<EMA21;TREND=1;STRUCT=1;VOL=1;COOL=1;EMA50=1;VWAP=1;BIAS=1,0.00,0.00,24449.66,24449.66,days=4 trades=6 W=1 L=5 gross_profit=601.80 gross_loss=618.38 net=-16.58 PF=0.97 pips=-6.0
141,2025.02.24 03:10:00,2025.02.24 05:40:00,SKIP,XAUUSD,M5,32,FLAT,NA,DAY,0,0.00,0.00,0.00,0.00,1.00,0.00,0.00,0.00,0.00,0.00,0.00,0.00,0.00,0.00,0.00,0.00,0.00,0.00,2935.42,2935.50,2935.01,2935.77,2935.68,0.271,1.81,58.08,22.48,22.48,-2.20,-1.02,-1.18,2934.78,2926.79,842,408,14.3,85.7,11,1,CROSS=EMA9<EMA21;TREND=1;STRUCT=1;VOL=1;COOL=1;EMA50=1;VWAP=1;BIAS=1,0.00,0.00,24449.66,24449.66,already positioned that way
142,2025.02.24 05:25:00,2025.02.24 07:55:00,ENTRY,XAUUSD,M5,34,BUY,FULLTGT,DAY,0,2941.49,2937.02,2937.02,4.47,1.00,4.47,2945.96,2950.44,2954.91,2959.39,2963.86,0.27,0.27,0.27,2941.49,0.00,0.00,0.00,2934.68,2934.60,2934.50,2934.41,2934.47,0.045,2.24,59.10,69.07,69.07,3.11,2.10,1.02,2933.08,2941.42,594,681,85.7,0.0,7,1,CROSS=EMA9>EMA21;TREND=1;STRUCT=1;VOL=1;COOL=1;EMA50=1;VWAP=1;BIAS=1,0.00,0.00,24448.71,24446.82,KZ=ASIA; KZR=Asia H @ 2939.72 1377 bars ago (high taken); DAY 12AM-4PM IST session: stop x1.00 of usual; no partials; full size to TP5; SL steps BE->TP1->TP2->TP3
143,2025.02.24 07:56:13,2025.02.24 10:26:13,EXIT_SL,XAUUSD,M5,34,BUY,FULLTGT,DAY,0,2941.49,2937.02,2937.02,4.47,1.00,4.47,2945.96,2950.44,2954.91,2959.39,2963.86,0.27,0.27,0.00,2937.02,0.00,-1.00,-122.59,2938.80,2937.34,2936.12,2938.81,2937.32,0.759,1.62,27.10,43.73,43.73,0.09,0.54,-0.45,2935.62,2938.55,434,437,28.6,57.1,12,1,CROSS=EMA9>EMA21;TREND=1;STRUCT=1;VOL=1;COOL=1;EMA50=1;VWAP=1;BIAS=1,0.73,-0.99,24327.07,24327.07,stopped at the initial SL (x1.00 of usual)
144,2025.02.24 17:40:00,2025.02.24 20:10:00,SKIP,XAUUSD,M5,34,FLAT,NA,EVENING,0,0.00,0.00,0.00,0.00,1.00,0.00,0.00,0.00,0.00,0.00,0.00,0.00,0.00,0.00,0.00,0.00,0.00,0.00,2942.90,2942.92,2941.19,2943.14,2943.04,0.428,4.06,40.09,41.84,41.84,-3.20,-3.15,-0.05,2940.19,2937.02,1070,996,14.3,85.7,6,1,CROSS=EMA9>EMA21;TREND=1;STRUCT=1;VOL=1;COOL=1;EMA50=1;VWAP=1;BIAS=1,0.00,0.00,24327.07,24327.07,outside the killzone window
145,2025.02.24 20:10:00,2025.02.24 22:40:00,SKIP,XAUUSD,M5,34,FLAT,NA,EVENING,0,0.00,0.00,0.00,0.00,1.00,0.00,0.00,0.00,0.00,0.00,0.00,0.00,0.00,0.00,0.00,0.00,0.00,0.00,2942.54,2942.54,2941.37,2942.47,2942.50,0.660,1.77,24.62,56.44,56.44,0.81,0.78,0.03,2940.43,2944.31,755,709,71.4,14.3,7,1,CROSS=EMA9>EMA21;TREND=1;STRUCT=1;VOL=1;COOL=1;EMA50=1;VWAP=1;BIAS=1,0.00,0.00,24327.07,24327.07,outside the killzone window
146,2025.02.25 01:00:00,2025.02.25 03:30:00,DAY_SUMMARY,XAUUSD,M5,34,FLAT,NA,DAY,0,0.00,0.00,0.00,0.00,1.00,0.00,0.00,0.00,0.00,0.00,0.00,0.00,0.00,0.00,0.00,0.00,-1.00,-122.59,2948.86,2946.80,2944.33,2948.71,2946.68,2.824,0.87,35.23,67.19,67.19,1.06,1.07,-0.01,2941.38,2952.62,179,267,71.4,14.3,11,1,CROSS=EMA9>EMA21;TREND=1;STRUCT=1;VOL=1;COOL=1;EMA50=1;VWAP=1;BIAS=1,0.00,0.00,24327.07,24327.07,2025.02.24 trades=1 W=0 L=1 gross_profit=0.00 gross_loss=122.59 net=-122.59 PF=0.00
147,2025.02.25 05:55:00,2025.02.25 08:25:00,ENTRY,XAUUSD,M5,36,SELL,FULLTGT,DAY,0,2939.96,2943.47,2943.47,3.51,1.00,3.51,2936.45,2932.94,2929.43,2925.93,2922.42,0.34,0.34,0.34,2939.96,0.00,0.00,0.00,2947.84,2947.92,2946.30,2948.16,2948.08,0.923,1.75,53.63,18.62,18.62,-2.11,-1.13,-0.98,2948.65,2939.96,596,504,0.0,100.0,10,1,CROSS=EMA9<EMA21;TREND=1;STRUCT=1;VOL=1;COOL=1;EMA50=1;VWAP=1;BIAS=1,0.00,0.00,24325.88,24322.48,KZ=ASIA; KZR=Asia H @ 2939.72 1671 bars ago (high taken); DAY 12AM-4PM IST session: stop x1.00 of usual; no partials; full size to TP5; SL steps BE->TP1->TP2->TP3
148,2025.02.25 06:11:37,2025.02.25 08:41:37,TP1_REACHED,XAUUSD,M5,36,SELL,FULLTGT,DAY,0,2939.96,2943.47,2943.47,3.51,1.00,3.51,2936.45,2932.94,2929.43,2925.93,2922.42,0.34,0.00,0.34,2936.45,1.00,1.00,0.00,2946.75,2947.35,2946.06,2947.17,2947.57,0.703,1.84,64.49,13.68,13.68,-2.90,-1.84,-1.06,2948.11,2936.51,385,475,0.0,85.7,7,1,CROSS=EMA9<EMA21;TREND=1;STRUCT=1;VOL=1;COOL=1;EMA50=1;VWAP=1;BIAS=1,0.99,-0.03,24325.88,24445.22,full target: no partial booked
149,2025.02.25 09:47:04,2025.02.25 12:17:04,TP2_REACHED,XAUUSD,M5,36,SELL,FULLTGT,DAY,0,2939.96,2943.47,2943.47,3.51,1.00,3.51,2936.45,2932.94,2929.43,2925.93,2922.42,0.34,0.00,0.34,2932.94,2.00,2.00,0.00,2938.88,2941.54,2943.01,2939.08,2941.70,-0.758,1.94,17.60,37.07,37.07,-0.52,-0.56,0.04,2943.69,2933.88,745,490,14.3,71.4,12,1,CROSS=EMA9<EMA21;TREND=1;STRUCT=1;VOL=1;COOL=1;EMA50=1;VWAP=1;BIAS=1,2.00,-0.30,24325.88,24564.56,full target: no partial booked
150,2025.02.25 14:33:12,2025.02.25 17:03:12,TP3_REACHED,XAUUSD,M5,36,SELL,FULLTGT,EVENING,0,2939.96,2943.47,2943.47,3.51,1.00,3.51,2936.45,2932.94,2929.43,2925.93,2922.42,0.34,0.00,0.34,2929.43,3.00,3.00,0.00,2938.94,2939.65,2941.10,2939.12,2939.76,-0.874,1.66,15.38,36.00,36.00,-0.33,0.06,-0.39,2941.19,2934.40,840,566,0.0,85.7,8,1,CROSS=EMA9<EMA21;TREND=1;STRUCT=1;VOL=1;COOL=1;EMA50=1;VWAP=1;BIAS=1,3.00,-0.70,24325.88,24684.58,full target: no partial booked
151,2025.02.25 14:34:38,2025.02.25 17:04:38,TP4_REACHED,XAUUSD,M5,36,SELL,FULLTGT,EVENING,0,2939.96,2943.47,2943.47,3.51,1.00,3.51,2936.45,2932.94,2929.43,2925.93,2922.42,0.34,0.00,0.34,2925.93,4.00,4.00,0.00,2938.94,2939.65,2941.10,2939.12,2939.76,-0.874,1.66,15.38,36.00,36.00,-0.33,0.06,-0.39,2941.19,2934.40,840,566,0.0,85.7,6,1,CROSS=EMA9<EMA21;TREND=1;STRUCT=1;VOL=1;COOL=1;EMA50=1;VWAP=1;BIAS=1,4.00,-0.70,24325.88,24803.92,full target: no partial booked
152,2025.02.25 16:35:34,2025.02.25 19:05:34,EXIT_SL,XAUUSD,M5,36,SELL,FULLTGT,EVENING,0,2939.96,2943.47,2943.47,3.51,1.00,3.51,2936.45,2932.94,2929.43,2925.93,2922.42,0.34,0.34,0.00,2943.48,0.00,-1.00,-122.06,2936.49,2937.54,2939.51,2936.23,2937.44,-0.714,2.75,55.21,69.89,69.89,2.17,0.96,1.21,2939.23,2942.92,807,965,71.4,14.3,10,1,CROSS=EMA9<EMA21;TREND=1;STRUCT=1;VOL=1;COOL=1;EMA50=1;VWAP=1;BIAS=1,4.53,-0.99,24205.01,24205.01,stopped at the initial SL (x1.00 of usual)
153,2025.02.26 01:00:00,2025.02.26 03:30:00,DAY_SUMMARY,XAUUSD,M5,36,FLAT,NA,DAY,0,0.00,0.00,0.00,0.00,1.00,0.00,0.00,0.00,0.00,0.00,0.00,0.00,0.00,0.00,0.00,0.00,-1.00,-122.06,2912.60,2915.13,2922.16,2912.51,2915.13,-4.869,1.44,24.14,55.54,55.54,1.29,1.64,-0.35,2927.61,2914.82,140,416,28.6,42.9,11,1,CROSS=EMA9<EMA21;TREND=1;STRUCT=1;VOL=1;COOL=1;EMA50=1;VWAP=1;BIAS=1,0.00,0.00,24205.01,24205.01,2025.02.25 trades=1 W=0 L=1 gross_profit=0.00 gross_loss=122.06 net=-122.06 PF=0.00
154,2025.02.26 02:40:00,2025.02.26 05:10:00,SKIP,XAUUSD,M5,36,FLAT,NA,DAY,0,0.00,0.00,0.00,0.00,1.00,0.00,0.00,0.00,0.00,0.00,0.00,0.00,0.00,0.00,0.00,0.00,0.00,0.00,2916.63,2916.56,2921.64,2916.29,2916.39,-2.828,1.79,60.71,74.93,74.93,2.86,2.17,0.69,2919.48,2924.99,179,299,85.7,0.0,7,1,CROSS=EMA9<EMA21;TREND=1;STRUCT=1;VOL=1;COOL=1;EMA50=1;VWAP=1;BIAS=1,0.00,0.00,24205.01,24205.01,outside the killzone window
155,2025.02.26 06:45:00,2025.02.26 09:15:00,SKIP,XAUUSD,M5,36,FLAT,NA,DAY,0,0.00,0.00,0.00,0.00,1.00,0.00,0.00,0.00,0.00,0.00,0.00,0.00,0.00,0.00,0.00,0.00,0.00,0.00,2918.24,2918.27,2920.89,2918.43,2918.36,-1.517,1.73,46.64,33.94,33.94,-1.65,-1.25,-0.40,2920.60,2913.69,189,227,0.0,85.7,9,1,CROSS=EMA9<EMA21;TREND=1;STRUCT=1;VOL=1;COOL=1;EMA50=1;VWAP=1;BIAS=1,0.00,0.00,24205.01,24205.01,already positioned that way
156,2025.02.26 19:55:00,2025.02.26 22:25:00,SKIP,XAUUSD,M5,36,FLAT,NA,EVENING,0,0.00,0.00,0.00,0.00,1.00,0.00,0.00,0.00,0.00,0.00,0.00,0.00,0.00,0.00,0.00,0.00,0.00,0.00,2911.32,2911.28,2913.24,2911.22,2911.23,-0.829,2.36,19.95,54.08,54.08,1.20,1.47,-0.27,2912.66,2913.85,820,625,57.1,28.6,7,1,CROSS=EMA9<EMA21;TREND=1;STRUCT=1;VOL=1;COOL=1;EMA50=1;VWAP=1;BIAS=1,0.00,0.00,24205.01,24205.01,outside the killzone window
157,2025.02.27 04:55:00,2025.02.27 07:25:00,SKIP,XAUUSD,M5,36,FLAT,NA,DAY,0,0.00,0.00,0.00,0.00,1.00,0.00,0.00,0.00,0.00,0.00,0.00,0.00,0.00,0.00,0.00,0.00,0.00,0.00,2914.75,2914.79,2914.69,2915.00,2914.92,0.054,1.95,23.55,28.10,28.10,-1.52,-1.08,-0.44,2914.82,2908.64,955,468,0.0,85.7,10,1,CROSS=EMA9<EMA21;TREND=1;STRUCT=1;VOL=1;COOL=1;EMA50=1;VWAP=1;BIAS=1,0.00,0.00,24205.01,24205.01,already positioned that way
158,2025.02.28 23:45:00,2025.03.01 02:15:00,SKIP,XAUUSD,M5,36,FLAT,NA,DAY,0,0.00,0.00,0.00,0.00,1.00,0.00,0.00,0.00,0.00,0.00,0.00,0.00,0.00,0.00,0.00,0.00,0.00,0.00,2851.13,2851.13,2855.52,2850.86,2850.99,-2.994,1.47,37.04,68.88,68.88,2.49,2.15,0.34,2857.11,2857.72,154,374,85.7,0.0,41,1,CROSS=EMA9<EMA21;TREND=1;STRUCT=1;VOL=1;COOL=1;EMA50=1;VWAP=1;BIAS=1,0.00,0.00,24205.01,24205.01,weekend cutoff
159,2025.03.03 01:00:00,2025.03.03 03:30:00,WEEK_SUMMARY,XAUUSD,M5,36,FLAT,NA,DAY,0,0.00,0.00,0.00,0.00,1.00,0.00,0.00,0.00,0.00,0.00,0.00,0.00,0.00,0.00,0.00,0.00,-2.00,-244.65,2852.01,2851.58,2855.62,2851.72,2851.42,-3.194,1.27,42.88,72.04,72.04,2.58,2.41,0.16,2857.12,2859.06,100,335,85.7,0.0,11,1,CROSS=EMA9<EMA21;TREND=1;STRUCT=1;VOL=1;COOL=1;EMA50=1;VWAP=1;BIAS=1,0.00,0.00,24205.01,24205.01,days=2 trades=2 W=0 L=2 gross_profit=0.00 gross_loss=244.65 net=-244.65 PF=0.00 pips=-799.0
160,2025.03.03 01:00:00,2025.03.03 03:30:00,MONTH_SUMMARY,XAUUSD,M5,36,FLAT,NA,DAY,0,0.00,0.00,0.00,0.00,1.00,0.00,0.00,0.00,0.00,0.00,0.00,0.00,0.00,0.00,0.00,0.00,-3.02,-385.23,2852.01,2851.58,2855.62,2851.72,2851.42,-3.194,1.27,42.88,72.04,72.04,2.58,2.41,0.16,2857.12,2859.06,100,335,85.7,0.0,11,1,CROSS=EMA9<EMA21;TREND=1;STRUCT=1;VOL=1;COOL=1;EMA50=1;VWAP=1;BIAS=1,0.00,0.00,24205.01,24205.01,days=7 trades=9 W=1 L=8 gross_profit=601.80 gross_loss=987.03 net=-385.23 PF=0.61 pips=-1108.0
161,2025.03.05 03:40:00,2025.03.05 06:10:00,SKIP,XAUUSD,M5,36,FLAT,NA,DAY,0,0.00,0.00,0.00,0.00,1.00,0.00,0.00,0.00,0.00,0.00,0.00,0.00,0.00,0.00,0.00,0.00,0.00,0.00,2913.68,2913.73,2910.74,2913.85,2913.82,1.047,2.86,36.26,40.35,40.35,-1.71,-1.16,-0.55,2912.17,2909.40,717,484,0.0,100.0,7,1,CROSS=EMA9<EMA21;TREND=1;STRUCT=1;VOL=1;COOL=1;EMA50=1;VWAP=1;BIAS=1,0.00,0.00,24205.01,24205.01,already positioned that way
162,2025.03.05 08:10:00,2025.03.05 10:40:00,SKIP,XAUUSD,M5,36,FLAT,NA,DAY,0,0.00,0.00,0.00,0.00,1.00,0.00,0.00,0.00,0.00,0.00,0.00,0.00,0.00,0.00,0.00,0.00,0.00,0.00,2912.32,2912.22,2910.89,2912.07,2912.10,0.847,1.57,36.89,71.04,71.04,1.86,0.94,0.92,2910.68,2918.50,289,285,100.0,0.0,7,1,CROSS=EMA9<EMA21;TREND=1;STRUCT=1;VOL=1;COOL=1;EMA50=1;VWAP=1;BIAS=1,0.00,0.00,24205.01,24205.01,outside the killzone window
163,2025.03.05 15:35:00,2025.03.05 18:05:00,SKIP,XAUUSD,M5,36,FLAT,NA,EVENING,0,0.00,0.00,0.00,0.00,1.00,0.00,0.00,0.00,0.00,0.00,0.00,0.00,0.00,0.00,0.00,0.00,0.00,0.00,2915.25,2915.33,2914.09,2915.51,2915.46,0.452,2.75,23.43,30.64,30.64,-1.10,-0.36,-0.74,2914.49,2908.75,1108,795,0.0,85.7,11,1,CROSS=EMA9<EMA21;TREND=1;STRUCT=1;VOL=1;COOL=1;EMA50=1;VWAP=1;BIAS=1,0.00,0.00,24205.01,24205.01,outside the killzone window
164,2025.03.05 18:00:00,2025.03.05 20:30:00,SKIP,XAUUSD,M5,36,FLAT,NA,EVENING,0,0.00,0.00,0.00,0.00,1.00,0.00,0.00,0.00,0.00,0.00,0.00,0.00,0.00,0.00,0.00,0.00,0.00,0.00,2914.05,2914.04,2913.52,2913.93,2913.98,0.122,4.31,31.98,54.43,54.43,2.51,2.56,-0.05,2913.65,2917.17,914,1167,71.4,14.3,9,1,CROSS=EMA9<EMA21;TREND=1;STRUCT=1;VOL=1;COOL=1;EMA50=1;VWAP=1;BIAS=1,0.00,0.00,24205.01,24205.01,outside the killzone window
165,2025.03.06 07:20:00,2025.03.06 09:50:00,SKIP,XAUUSD,M5,36,FLAT,NA,DAY,0,0.00,0.00,0.00,0.00,1.00,0.00,0.00,0.00,0.00,0.00,0.00,0.00,0.00,0.00,0.00,0.00,0.00,0.00,2919.61,2919.64,2918.53,2919.74,2919.71,1.024,1.08,43.41,34.44,34.44,-1.40,-1.40,-0.00,2920.69,2916.48,224,288,0.0,85.7,11,1,CROSS=EMA9<EMA21;TREND=1;STRUCT=1;VOL=1;COOL=1;EMA50=1;VWAP=1;BIAS=1,0.00,0.00,24205.01,24205.01,already positioned that way
166,2025.03.06 08:30:00,2025.03.06 11:00:00,SKIP,XAUUSD,M5,36,FLAT,NA,DAY,0,0.00,0.00,0.00,0.00,1.00,0.00,0.00,0.00,0.00,0.00,0.00,0.00,0.00,0.00,0.00,0.00,0.00,0.00,2919.64,2919.62,2918.66,2919.57,2919.58,0.522,1.84,18.13,58.73,58.73,0.65,0.00,0.65,2920.37,2921.35,509,396,71.4,14.3,13,1,CROSS=EMA9<EMA21;TREND=1;STRUCT=1;VOL=1;COOL=1;EMA50=1;VWAP=1;BIAS=1,0.00,0.00,24205.01,24205.01,outside the killzone window
167,2025.03.06 09:35:00,2025.03.06 12:05:00,SKIP,XAUUSD,M5,36,FLAT,NA,DAY,0,0.00,0.00,0.00,0.00,1.00,0.00,0.00,0.00,0.00,0.00,0.00,0.00,0.00,0.00,0.00,0.00,0.00,0.00,2919.62,2919.64,2918.79,2919.81,2919.74,0.433,1.96,27.17,30.44,30.44,-0.55,0.33,-0.88,2920.22,2914.86,847,517,0.0,100.0,12,1,CROSS=EMA9<EMA21;TREND=1;STRUCT=1;VOL=1;COOL=1;EMA50=1;VWAP=1;BIAS=1,0.00,0.00,24205.01,24205.01,outside the killzone window
168,2025.03.06 17:20:00,2025.03.06 19:50:00,SKIP,XAUUSD,M5,36,FLAT,NA,EVENING,0,0.00,0.00,0.00,0.00,1.00,0.00,0.00,0.00,0.00,0.00,0.00,0.00,0.00,0.00,0.00,0.00,0.00,0.00,2908.72,2908.60,2910.88,2908.37,2908.43,-0.605,3.76,45.31,64.64,64.64,3.53,2.82,0.70,2910.08,2917.22,1114,1063,100.0,0.0,5,1,CROSS=EMA9<EMA21;TREND=1;STRUCT=1;VOL=1;COOL=1;EMA50=1;VWAP=1;BIAS=1,0.00,0.00,24205.01,24205.01,outside the killzone window
169,2025.03.07 01:05:00,2025.03.07 03:35:00,SKIP,XAUUSD,M5,36,FLAT,NA,DAY,0,0.00,0.00,0.00,0.00,1.00,0.00,0.00,0.00,0.00,0.00,0.00,0.00,0.00,0.00,0.00,0.00,0.00,0.00,2913.07,2913.07,2912.96,2913.09,2913.08,0.071,1.52,34.74,52.47,52.47,-0.89,-1.36,0.47,2912.25,2912.65,146,317,57.1,28.6,11,1,CROSS=EMA9<EMA21;TREND=1;STRUCT=1;VOL=1;COOL=1;EMA50=1;VWAP=1;BIAS=1,0.00,0.00,24205.01,24205.01,outside the killzone window
170,2025.03.07 08:40:00,2025.03.07 11:10:00,SKIP,XAUUSD,M5,36,FLAT,NA,DAY,0,0.00,0.00,0.00,0.00,1.00,0.00,0.00,0.00,0.00,0.00,0.00,0.00,0.00,0.00,0.00,0.00,0.00,0.00,2908.81,2908.75,2909.74,2908.64,2908.67,-0.635,1.56,34.60,67.49,67.49,1.23,0.98,0.26,2906.84,2913.06,323,469,85.7,0.0,7,1,CROSS=EMA9<EMA21;TREND=1;STRUCT=1;VOL=1;COOL=1;EMA50=1;VWAP=1;BIAS=1,0.00,0.00,24205.01,24205.01,outside the killzone window
171,2025.03.07 19:20:00,2025.03.07 21:50:00,SKIP,XAUUSD,M5,36,FLAT,NA,EVENING,0,0.00,0.00,0.00,0.00,1.00,0.00,0.00,0.00,0.00,0.00,0.00,0.00,0.00,0.00,0.00,0.00,0.00,0.00,2917.13,2917.31,2915.94,2917.59,2917.54,0.391,3.50,22.68,31.19,31.19,-2.25,-1.50,-0.74,2915.08,2905.90,881,914,0.0,71.4,12,1,CROSS=EMA9<EMA21;TREND=1;STRUCT=1;VOL=1;COOL=1;EMA50=1;VWAP=1;BIAS=1,0.00,0.00,24205.01,24205.01,outside the killzone window
172,2025.03.10 02:50:00,2025.03.10 05:20:00,ENTRY,XAUUSD,M5,38,BUY,FULLTGT,DAY,0,2916.80,2914.11,2914.11,2.69,1.00,2.69,2919.49,2922.19,2924.88,2927.57,2930.26,0.44,0.44,0.44,2916.80,0.00,0.00,0.00,2912.29,2912.28,2912.89,2912.11,2912.19,-0.457,1.35,38.27,68.81,68.81,1.35,1.08,0.27,2913.61,2916.73,261,249,100.0,0.0,7,1,CROSS=EMA9>EMA21;TREND=1;STRUCT=1;VOL=1;COOL=1;EMA50=1;VWAP=1;BIAS=1,0.00,0.00,24203.47,24200.39,KZ=ASIA; KZR=Asia H @ 2926.55 694 bars ago (high taken); DAY 12AM-4PM IST session: stop x1.00 of usual; no partials; full size to TP5; SL steps BE->TP1->TP2->TP3
173,2025.03.10 03:27:22,2025.03.10 05:57:22,EXIT_SL,XAUUSD,M5,38,BUY,FULLTGT,DAY,0,2916.80,2914.11,2914.11,2.69,1.00,2.69,2919.49,2922.19,2924.88,2927.57,2930.26,0.44,0.44,0.00,2914.06,0.00,-1.02,-123.64,2913.29,2912.81,2913.13,2913.20,2912.76,-0.229,1.38,28.50,55.57,55.57,1.16,1.34,-0.18,2914.46,2915.49,246,268,71.4,14.3,7,1,CROSS=EMA9>EMA21;TREND=1;STRUCT=1;VOL=1;COOL=1;EMA50=1;VWAP=1;BIAS=1,0.43,-1.00,24081.37,24081.37,stopped at the initial SL (x1.00 of usual)
174,2025.03.10 06:35:00,2025.03.10 09:05:00,ENTRY,XAUUSD,M5,40,SELL,FULLTGT,DAY,0,2911.10,2914.27,2914.27,3.17,1.00,3.17,2907.93,2904.77,2901.60,2898.44,2895.27,0.38,0.38,0.38,2911.10,0.00,0.00,0.00,2913.01,2913.02,2913.20,2913.09,2913.06,-0.112,1.58,16.34,42.70,42.70,-0.52,-0.62,0.10,2913.96,2911.10,304,377,14.3,57.1,7,1,CROSS=EMA9<EMA21;TREND=1;STRUCT=1;VOL=1;COOL=1;EMA50=1;VWAP=1;BIAS=1,0.00,0.00,24080.04,24077.38,KZ=ASIA; KZR=Asia H @ 2926.55 739 bars ago (high taken); DAY 12AM-4PM IST session: stop x1.00 of usual; no partials; full size to TP5; SL steps BE->TP1->TP2->TP3
175,2025.03.10 08:28:38,2025.03.10 10:58:38,TP1_REACHED,XAUUSD,M5,40,SELL,FULLTGT,DAY,0,2911.10,2914.27,2914.27,3.17,1.00,3.17,2907.93,2904.77,2901.60,2898.44,2895.27,0.38,0.00,0.38,2907.93,1.00,1.00,0.00,2911.79,2912.29,2912.76,2911.91,2912.36,-0.418,1.13,20.46,38.56,38.56,-0.56,-0.30,-0.26,2913.32,2908.74,297,264,0.0,85.7,12,1,CROSS=EMA9<EMA21;TREND=1;STRUCT=1;VOL=1;COOL=1;EMA50=1;VWAP=1;BIAS=1,1.00,-0.56,24080.04,24201.26,full target: no partial booked
176,2025.03.10 09:56:53,2025.03.10 12:26:53,EXIT_SL,XAUUSD,M5,40,SELL,FULLTGT,DAY,0,2911.10,2914.27,2914.27,3.17,1.00,3.17,2907.93,2904.77,2901.60,2898.44,2895.27,0.38,0.38,0.00,2914.28,0.00,-1.00,-123.50,2911.45,2911.89,2912.45,2911.39,2911.87,-0.366,1.53,28.09,56.84,56.84,0.51,0.13,0.38,2912.81,2912.75,324,404,57.1,28.6,9,1,CROSS=EMA9<EMA21;TREND=1;STRUCT=1;VOL=1;COOL=1;EMA50=1;VWAP=1;BIAS=1,1.30,-1.00,23957.87,23957.87,stopped at the initial SL (x1.00 of usual)
177,2025.03.10 10:45:00,2025.03.10 13:15:00,SKIP,XAUUSD,M5,40,FLAT,NA,DAY,0,0.00,0.00,0.00,0.00,1.00,0.00,0.00,0.00,0.00,0.00,0.00,0.00,0.00,0.00,0.00,0.00,0.00,0.00,2912.29,2912.27,2912.60,2912.23,2912.24,-0.220,1.49,27.21,54.45,54.45,0.85,0.83,0.01,2912.94,2913.56,494,461,85.7,14.3,8,1,CROSS=EMA9<EMA21;TREND=1;STRUCT=1;VOL=1;COOL=1;EMA50=1;VWAP=1;BIAS=1,0.00,0.00,23957.87,23957.87,outside the killzone window
178,2025.03.10 10:50:00,2025.03.10 13:20:00,SKIP,XAUUSD,M5,40,FLAT,NA,DAY,0,0.00,0.00,0.00,0.00,1.00,0.00,0.00,0.00,0.00,0.00,0.00,0.00,0.00,0.00,0.00,0.00,0.00,0.00,2912.20,2912.23,2912.57,2912.29,2912.27,-0.205,1.68,27.24,40.16,40.16,0.51,0.80,-0.29,2912.92,2910.22,602,473,0.0,100.0,12,1,CROSS=EMA9<EMA21;TREND=1;STRUCT=1;VOL=1;COOL=1;EMA50=1;VWAP=1;BIAS=1,0.00,0.00,23957.87,23957.87,outside the killzone window
179,2025.03.11 01:00:00,2025.03.11 03:30:00,DAY_SUMMARY,XAUUSD,M5,40,FLAT,NA,DAY,0,0.00,0.00,0.00,0.00,1.00,0.00,0.00,0.00,0.00,0.00,0.00,0.00,0.00,0.00,0.00,0.00,-2.02,-247.14,2889.62,2894.02,2899.53,2889.63,2894.12,-3.404,1.62,16.69,55.27,55.27,0.07,-0.34,0.41,2903.67,2889.24,164,410,42.9,28.6,11,1,CROSS=EMA9<EMA21;TREND=1;STRUCT=1;VOL=1;COOL=1;EMA50=1;VWAP=1;BIAS=1,0.00,0.00,23957.87,23957.87,2025.03.10 trades=2 W=0 L=2 gross_profit=0.00 gross_loss=247.14 net=-247.14 PF=0.00
180,2025.03.11 06:05:00,2025.03.11 08:35:00,ENTRY,XAUUSD,M5,42,BUY,FULLTGT,DAY,0,2898.85,2895.01,2895.01,3.84,1.00,3.84,2902.69,2906.54,2910.38,2914.22,2918.06,0.31,0.31,0.31,2898.85,0.00,0.00,0.00,2891.18,2891.09,2894.78,2890.87,2890.93,-1.923,1.92,57.89,76.27,76.27,3.00,2.81,0.19,2889.59,2898.75,592,537,85.7,14.3,10,1,CROSS=EMA9>EMA21;TREND=1;STRUCT=1;VOL=1;COOL=1;EMA50=1;VWAP=1;BIAS=1,0.00,0.00,23956.78,23953.68,KZ=ASIA; KZR=Asia L @ 2884.86 112 bars ago (low taken); DAY 12AM-4PM IST session: stop x1.00 of usual; no partials; full size to TP5; SL steps BE->TP1->TP2->TP3
181,2025.03.11 08:46:26,2025.03.11 11:16:26,EXIT_SL,XAUUSD,M5,42,BUY,FULLTGT,DAY,0,2898.85,2895.01,2895.01,3.84,1.00,3.84,2902.69,2906.54,2910.38,2914.22,2918.06,0.31,0.31,0.00,2894.99,0.00,-1.00,-121.84,2895.63,2894.02,2895.46,2895.62,2893.98,-1.307,1.10,22.82,43.16,43.16,0.41,0.64,-0.23,2891.65,2895.93,560,223,28.6,57.1,9,1,CROSS=EMA9>EMA21;TREND=1;STRUCT=1;VOL=1;COOL=1;EMA50=1;VWAP=1;BIAS=1,0.14,-1.00,23836.03,23836.03,stopped at the initial SL (x1.00 of usual)
182,2025.03.12 01:00:00,2025.03.12 03:30:00,DAY_SUMMARY,XAUUSD,M5,42,FLAT,NA,DAY,0,0.00,0.00,0.00,0.00,1.00,0.00,0.00,0.00,0.00,0.00,0.00,0.00,0.00,0.00,0.00,0.00,-1.00,-121.84,2917.38,2915.88,2911.84,2917.46,2915.89,3.845,1.05,40.69,36.35,36.35,-0.74,-0.48,-0.27,2907.69,2915.50,142,307,28.6,57.1,11,1,CROSS=EMA9>EMA21;TREND=1;STRUCT=1;VOL=1;COOL=1;EMA50=1;VWAP=1;BIAS=1,0.00,0.00,23836.03,23836.03,2025.03.11 trades=1 W=0 L=1 gross_profit=0.00 gross_loss=121.84 net=-121.84 PF=0.00
183,2025.03.12 04:05:00,2025.03.12 06:35:00,ENTRY,XAUUSD,M5,44,SELL,FULLTGT,DAY,0,2911.91,2914.11,2914.11,2.20,1.00,2.20,2909.71,2907.52,2905.32,2903.12,2900.92,0.54,0.54,0.54,2911.91,0.00,0.00,0.00,2915.60,2915.60,2912.97,2915.75,2915.68,2.401,1.10,34.90,33.54,33.54,-0.98,-0.88,-0.09,2915.30,2911.91,514,177,0.0,100.0,9,1,CROSS=EMA9<EMA21;TREND=1;STRUCT=1;VOL=1;COOL=1;EMA50=1;VWAP=1;BIAS=1,0.00,0.00,23834.14,23829.28,KZ=ASIA; KZR=Asia L @ 2884.86 376 bars ago (low taken); DAY 12AM-4PM IST session: stop x1.00 of usual; no partials; full size to TP5; SL steps BE->TP1->TP2->TP3
184,2025.03.12 04:24:27,2025.03.12 06:54:27,EXIT_SL,XAUUSD,M5,44,SELL,FULLTGT,DAY,0,2911.91,2914.11,2914.11,2.20,1.00,2.20,2909.71,2907.52,2905.32,2903.12,2900.92,0.54,0.54,0.00,2914.12,0.00,-1.01,-123.12,2915.21,2915.40,2912.94,2915.31,2915.45,2.092,1.18,34.23,41.52,41.52,-1.08,-0.98,-0.10,2914.80,2912.73,496,223,14.3,85.7,7,1,CROSS=EMA9<EMA21;TREND=1;STRUCT=1;VOL=1;COOL=1;EMA50=1;VWAP=1;BIAS=1,0.47,-0.99,23712.91,23712.91,stopped at the initial SL (x1.00 of usual)
185,2025.03.12 05:50:00,2025.03.12 08:20:00,ENTRY,XAUUSD,M5,46,BUY,FULLTGT,DAY,0,2917.00,2914.11,2914.11,2.89,1.00,2.89,2919.89,2922.77,2925.66,2928.55,2931.44,0.41,0.41,0.41,2917.00,0.00,0.00,0.00,2915.50,2915.50,2913.40,2915.44,2915.47,1.458,1.44,23.92,58.71,58.71,0.50,0.24,0.25,2915.18,2916.93,331,358,71.4,0.0,7,1,CROSS=EMA9>EMA21;TREND=1;STRUCT=1;VOL=1;COOL=1;EMA50=1;VWAP=1;BIAS=1,0.00,0.00,23711.47,23708.60,KZ=ASIA; KZR=Asia L @ 2884.86 397 bars ago (low taken); DAY 12AM-4PM IST session: stop x1.00 of usual; no partials; full size to TP5; SL steps BE->TP1->TP2->TP3
186,2025.03.12 06:28:36,2025.03.12 08:58:36,TP1_REACHED,XAUUSD,M5,46,BUY,FULLTGT,DAY,0,2917.00,2914.11,2914.11,2.89,1.00,2.89,2919.89,2922.77,2925.66,2928.55,2931.44,0.41,0.00,0.41,2919.89,1.00,1.00,0.00,2916.02,2915.77,2913.68,2915.95,2915.74,1.341,1.56,16.11,57.61,57.61,0.79,0.63,0.16,2915.48,2917.62,179,312,71.4,0.0,13,1,CROSS=EMA9>EMA21;TREND=1;STRUCT=1;VOL=1;COOL=1;EMA50=1;VWAP=1;BIAS=1,0.99,-0.60,23711.47,23829.96,full target: no partial booked
187,2025.03.12 07:06:32,2025.03.12 09:36:32,EXIT_SL,XAUUSD,M5,46,BUY,FULLTGT,DAY,0,2917.00,2914.11,2914.11,2.89,1.00,2.89,2919.89,2922.77,2925.66,2928.55,2931.44,0.41,0.41,0.00,2914.11,0.00,-1.00,-121.37,2916.29,2915.97,2913.95,2916.35,2915.99,1.361,1.49,33.29,40.98,40.98,0.14,0.68,-0.54,2915.68,2914.95,411,290,28.6,71.4,10,1,CROSS=EMA9>EMA21;TREND=1;STRUCT=1;VOL=1;COOL=1;EMA50=1;VWAP=1;BIAS=1,1.06,-0.99,23591.54,23591.54,stopped at the initial SL (x1.00 of usual)
188,2025.03.12 08:10:00,2025.03.12 10:40:00,SKIP,XAUUSD,M5,46,FLAT,NA,DAY,0,0.00,0.00,0.00,0.00,1.00,0.00,0.00,0.00,0.00,0.00,0.00,0.00,0.00,0.00,0.00,0.00,0.00,0.00,2915.65,2915.68,2914.04,2915.75,2915.73,1.348,1.22,40.68,37.79,37.79,-0.53,-0.40,-0.13,2915.52,2913.30,331,224,0.0,100.0,10,1,CROSS=EMA9>EMA21;TREND=1;STRUCT=1;VOL=1;COOL=1;EMA50=1;VWAP=1;BIAS=1,0.00,0.00,23591.54,23591.54,outside the killzone window
189,2025.03.12 09:15:00,2025.03.12 11:45:00,SKIP,XAUUSD,M5,46,FLAT,NA,DAY,0,0.00,0.00,0.00,0.00,1.00,0.00,0.00,0.00,0.00,0.00,0.00,0.00,0.00,0.00,0.00,0.00,0.00,0.00,2915.78,2915.71,2914.24,2915.60,2915.62,1.005,1.46,43.41,71.75,71.75,0.80,-0.12,0.91,2915.56,2920.17,581,313,85.7,14.3,10,1,CROSS=EMA9>EMA21;TREND=1;STRUCT=1;VOL=1;COOL=1;EMA50=1;VWAP=1;BIAS=1,0.00,0.00,23591.54,23591.54,outside the killzone window
190,2025.03.12 09:50:00,2025.03.12 12:20:00,SKIP,XAUUSD,M5,46,FLAT,NA,DAY,0,0.00,0.00,0.00,0.00,1.00,0.00,0.00,0.00,0.00,0.00,0.00,0.00,0.00,0.00,0.00,0.00,0.00,0.00,2915.63,2915.65,2914.32,2915.75,2915.71,0.677,1.97,32.97,37.44,37.44,-0.27,0.50,-0.77,2915.53,2912.76,674,423,0.0,100.0,12,1,CROSS=EMA9>EMA21;TREND=1;STRUCT=1;VOL=1;COOL=1;EMA50=1;VWAP=1;BIAS=1,0.00,0.00,23591.54,23591.54,outside the killzone window
191,2025.03.12 11:50:00,2025.03.12 14:20:00,SKIP,XAUUSD,M5,46,FLAT,NA,DAY,0,0.00,0.00,0.00,0.00,1.00,0.00,0.00,0.00,0.00,0.00,0.00,0.00,0.00,0.00,0.00,0.00,0.00,0.00,2915.48,2915.41,2914.43,2915.29,2915.31,0.572,1.72,54.51,69.04,69.04,1.40,0.71,0.69,2915.23,2920.22,579,521,100.0,0.0,7,1,CROSS=EMA9>EMA21;TREND=1;STRUCT=1;VOL=1;COOL=1;EMA50=1;VWAP=1;BIAS=1,0.00,0.00,23591.54,23591.54,outside the killzone window
192,2025.03.12 14:15:00,2025.03.12 16:45:00,SKIP,XAUUSD,M5,46,FLAT,NA,EVENING,0,0.00,0.00,0.00,0.00,1.00,0.00,0.00,0.00,0.00,0.00,0.00,0.00,0.00,0.00,0.00,0.00,0.00,0.00,2915.75,2915.77,2914.93,2915.79,2915.79,0.544,1.55,27.47,46.36,46.36,-0.67,-0.84,0.17,2915.70,2914.73,560,443,14.3,85.7,7,1,CROSS=EMA9>EMA21;TREND=1;STRUCT=1;VOL=1;COOL=1;EMA50=1;VWAP=1;BIAS=1,0.00,0.00,23591.54,23591.54,outside the killzone window
193,2025.03.12 15:50:00,2025.03.12 18:20:00,SKIP,XAUUSD,M5,46,FLAT,NA,EVENING,0,0.00,0.00,0.00,0.00,1.00,0.00,0.00,0.00,0.00,0.00,0.00,0.00,0.00,0.00,0.00,0.00,0.00,0.00,2915.77,2915.73,2915.04,2915.66,2915.67,0.258,2.68,18.87,58.69,58.69,0.78,-0.02,0.80,2915.80,2918.51,1006,631,71.4,14.3,6,1,CROSS=EMA9>EMA21;TREND=1;STRUCT=1;VOL=1;COOL=1;EMA50=1;VWAP=1;BIAS=1,0.00,0.00,23591.54,23591.54,outside the killzone window
194,2025.03.12 16:25:00,2025.03.12 18:55:00,SKIP,XAUUSD,M5,46,FLAT,NA,EVENING,0,0.00,0.00,0.00,0.00,1.00,0.00,0.00,0.00,0.00,0.00,0.00,0.00,0.00,0.00,0.00,0.00,0.00,0.00,2915.55,2915.64,2915.04,2915.86,2915.79,0.163,3.64,32.55,29.98,29.98,-0.54,0.54,-1.07,2915.74,2908.05,1267,841,0.0,100.0,9,1,CROSS=EMA9>EMA21;TREND=1;STRUCT=1;VOL=1;COOL=1;EMA50=1;VWAP=1;BIAS=1,0.00,0.00,23591.54,23591.54,outside the killzone window
195,2025.03.12 17:45:00,2025.03.12 20:15:00,SKIP,XAUUSD,M5,46,FLAT,NA,EVENING,0,0.00,0.00,0.00,0.00,1.00,0.00,0.00,0.00,0.00,0.00,0.00,0.00,0.00,0.00,0.00,0.00,0.00,0.00,2915.66,2915.62,2915.11,2915.51,2915.55,0.201,2.56,32.62,61.64,61.64,0.76,0.26,0.50,2915.61,2919.39,773,1000,85.7,0.0,5,1,CROSS=EMA9>EMA21;TREND=1;STRUCT=1;VOL=1;COOL=1;EMA50=1;VWAP=1;BIAS=1,0.00,0.00,23591.54,23591.54,outside the killzone window
196,2025.03.13 01:00:00,2025.03.13 03:30:00,DAY_SUMMARY,XAUUSD,M5,46,FLAT,NA,DAY,0,0.00,0.00,0.00,0.00,1.00,0.00,0.00,0.00,0.00,0.00,0.00,0.00,0.00,0.00,0.00,0.00,-2.01,-244.49,2932.86,2929.62,2924.77,2932.84,2929.55,4.068,1.19,24.56,49.14,49.14,-0.33,-0.54,0.21,2920.88,2933.31,172,281,42.9,28.6,11,1,CROSS=EMA9>EMA21;TREND=1;STRUCT=1;VOL=1;COOL=1;EMA50=1;VWAP=1;BIAS=1,0.00,0.00,23591.54,23591.54,2025.03.12 trades=2 W=0 L=2 gross_profit=0.00 gross_loss=244.49 net=-244.49 PF=0.00
197,2025.03.13 10:55:00,2025.03.13 13:25:00,SKIP,XAUUSD,M5,46,FLAT,NA,DAY,0,0.00,0.00,0.00,0.00,1.00,0.00,0.00,0.00,0.00,0.00,0.00,0.00,0.00,0.00,0.00,0.00,0.00,0.00,2938.58,2938.61,2935.17,2938.79,2938.72,2.245,1.53,70.37,26.78,26.78,-1.77,-1.59,-0.17,2939.53,2933.46,485,383,0.0,100.0,12,1,CROSS=EMA9>EMA21;TREND=1;STRUCT=1;VOL=1;COOL=1;EMA50=1;VWAP=1;BIAS=1,0.00,0.00,23591.54,23591.54,outside the killzone window
198,2025.03.13 11:25:00,2025.03.13 13:55:00,SKIP,XAUUSD,M5,46,FLAT,NA,DAY,0,0.00,0.00,0.00,0.00,1.00,0.00,0.00,0.00,0.00,0.00,0.00,0.00,0.00,0.00,0.00,0.00,0.00,0.00,2938.66,2938.64,2935.38,2938.56,2938.59,1.686,1.93,48.09,64.28,64.28,0.15,-1.13,1.29,2939.43,2941.23,568,457,85.7,14.3,7,1,CROSS=EMA9>EMA21;TREND=1;STRUCT=1;VOL=1;COOL=1;EMA50=1;VWAP=1;BIAS=1,0.00,0.00,23591.54,23591.54,outside the killzone window
199,2025.03.14 17:55:00,2025.03.14 20:25:00,SKIP,XAUUSD,M5,46,FLAT,NA,EVENING,0,0.00,0.00,0.00,0.00,1.00,0.00,0.00,0.00,0.00,0.00,0.00,0.00,0.00,0.00,0.00,0.00,0.00,0.00,2991.24,2991.28,2987.12,2991.49,2991.40,1.099,3.78,23.87,40.21,40.21,-2.52,-2.23,-0.29,2989.97,2985.14,900,974,0.0,71.4,8,1,CROSS=EMA9>EMA21;TREND=1;STRUCT=1;VOL=1;COOL=1;EMA50=1;VWAP=1;BIAS=1,0.00,0.00,23591.54,23591.54,outside the killzone window
200,2025.03.17 01:00:00,2025.03.17 03:30:00,WEEK_SUMMARY,XAUUSD,M5,46,FLAT,NA,DAY,0,0.00,0.00,0.00,0.00,1.00,0.00,0.00,0.00,0.00,0.00,0.00,0.00,0.00,0.00,0.00,0.00,-5.03,-613.47,2985.45,2986.71,2986.24,2985.42,2986.72,0.322,1.46,27.53,55.39,55.39,0.47,-0.26,0.74,2988.87,2986.24,84,235,57.1,28.6,11,1,CROSS=EMA9>EMA21;TREND=1;STRUCT=1;VOL=1;COOL=1;EMA50=1;VWAP=1;BIAS=1,0.00,0.00,23591.54,23591.54,days=3 trades=5 W=0 L=5 gross_profit=0.00 gross_loss=613.47 net=-613.47 PF=0.00 pips=-1488.0
201,2025.03.17 02:30:00,2025.03.17 05:00:00,SKIP,XAUUSD,M5,46,FLAT,NA,DAY,0,0.00,0.00,0.00,0.00,1.00,0.00,0.00,0.00,0.00,0.00,0.00,0.00,0.00,0.00,0.00,0.00,0.00,0.00,2987.78,2987.65,2986.82,2987.52,2987.52,0.588,1.42,35.96,71.76,71.76,1.75,1.32,0.43,2989.11,2994.07,204,208,85.7,0.0,9,1,CROSS=EMA9>EMA21;TREND=1;STRUCT=1;VOL=1;COOL=1;EMA50=1;VWAP=1;BIAS=1,0.00,0.00,23591.54,23591.54,already positioned that way
202,2025.03.17 06:50:00,2025.03.17 09:20:00,ENTRY,XAUUSD,M5,48,SELL,FULLTGT,DAY,0,2986.83,2989.19,2989.19,2.36,1.00,2.36,2984.47,2982.12,2979.76,2977.40,2975.04,0.50,0.50,0.50,2986.83,0.00,0.00,0.00,2988.57,2988.58,2987.82,2988.64,2988.62,0.646,1.18,28.74,37.93,37.93,-0.85,-0.90,0.05,2989.55,2986.83,214,282,14.3,71.4,7,1,CROSS=EMA9<EMA21;TREND=1;STRUCT=1;VOL=1;COOL=1;EMA50=1;VWAP=1;BIAS=1,0.00,0.00,23589.79,23586.29,KZ=ASIA; KZR=Asia H @ 2947.11 1085 bars ago (high taken); DAY 12AM-4PM IST session: stop x1.00 of usual; no partials; full size to TP5; SL steps BE->TP1->TP2->TP3
203,2025.03.17 07:26:23,2025.03.17 09:56:23,TP1_REACHED,XAUUSD,M5,48,SELL,FULLTGT,DAY,0,2986.83,2989.19,2989.19,2.36,1.00,2.36,2984.47,2982.12,2979.76,2977.40,2975.04,0.50,0.00,0.50,2984.47,1.00,1.00,0.00,2987.98,2988.27,2987.71,2988.11,2988.34,0.551,1.01,25.47,26.32,26.32,-0.91,-0.79,-0.12,2989.33,2984.82,148,258,0.0,85.7,10,1,CROSS=EMA9<EMA21;TREND=1;STRUCT=1;VOL=1;COOL=1;EMA50=1;VWAP=1;BIAS=1,0.98,-0.47,23589.79,23709.29,full target: no partial booked
204,2025.03.17 09:25:34,2025.03.17 11:55:34,EXIT_SL,XAUUSD,M5,48,SELL,FULLTGT,DAY,0,2986.83,2989.19,2989.19,2.36,1.00,2.36,2984.47,2982.12,2979.76,2977.40,2975.04,0.50,0.50,0.00,2989.19,0.00,-1.00,-121.50,2986.13,2986.95,2987.08,2986.04,2986.93,-0.095,1.32,28.71,66.91,66.91,0.35,-0.18,0.54,2988.28,2988.22,496,276,71.4,28.6,10,1,CROSS=EMA9<EMA21;TREND=1;STRUCT=1;VOL=1;COOL=1;EMA50=1;VWAP=1;BIAS=1,1.92,-0.99,23470.04,23470.04,stopped at the initial SL (x1.00 of usual)
205,2025.03.17 12:25:00,2025.03.17 14:55:00,SKIP,XAUUSD,M5,48,FLAT,NA,DAY,0,0.00,0.00,0.00,0.00,1.00,0.00,0.00,0.00,0.00,0.00,0.00,0.00,0.00,0.00,0.00,0.00,0.00,0.00,2987.51,2987.44,2987.33,2987.33,2987.35,0.076,1.43,35.95,69.33,69.33,1.05,0.27,0.78,2988.15,2991.92,444,353,100.0,0.0,12,1,CROSS=EMA9<EMA21;TREND=1;STRUCT=1;VOL=1;COOL=1;EMA50=1;VWAP=1;BIAS=1,0.00,0.00,23470.04,23470.04,outside the killzone window
206,2025.03.18 01:00:00,2025.03.18 03:30:00,DAY_SUMMARY,XAUUSD,M5,48,FLAT,NA,DAY,0,0.00,0.00,0.00,0.00,1.00,0.00,0.00,0.00,0.00,0.00,0.00,0.00,0.00,0.00,0.00,0.00,-1.00,-121.50,2999.16,2997.32,2994.71,2999.08,2997.25,3.710,0.70,34.55,59.22,59.22,0.65,0.71,-0.06,2992.69,3001.02,146,277,71.4,14.3,11,1,CROSS=EMA9<EMA21;TREND=1;STRUCT=1;VOL=1;COOL=1;EMA50=1;VWAP=1;BIAS=1,0.00,0.00,23470.04,23470.04,2025.03.17 trades=1 W=0 L=1 gross_profit=0.00 gross_loss=121.50 net=-121.50 PF=0.00
207,2025.03.19 04:45:00,2025.03.19 07:15:00,SKIP,XAUUSD,M5,48,FLAT,NA,DAY,0,0.00,0.00,0.00,0.00,1.00,0.00,0.00,0.00,0.00,0.00,0.00,0.00,0.00,0.00,0.00,0.00,0.00,0.00,3031.91,3031.99,3028.44,3032.07,3032.06,2.550,1.39,34.86,33.10,33.10,-1.16,-0.88,-0.28,3031.46,3028.11,300,233,0.0,100.0,10,1,CROSS=EMA9<EMA21;TREND=1;STRUCT=1;VOL=1;COOL=1;EMA50=1;VWAP=1;BIAS=1,0.00,0.00,23470.04,23470.04,already positioned that way
208,2025.03.19 06:15:00,2025.03.19 08:45:00,ENTRY,XAUUSD,M5,50,BUY,FULLTGT,DAY,0,3034.92,3031.94,3031.94,2.98,1.00,2.98,3037.90,3040.89,3043.87,3046.85,3049.83,0.39,0.39,0.39,3034.92,0.00,0.00,0.00,3031.92,3031.92,3028.97,3031.80,3031.86,1.977,1.49,33.59,66.56,66.56,0.84,0.37,0.47,3031.47,3034.83,351,319,100.0,0.0,9,1,CROSS=EMA9>EMA21;TREND=1;STRUCT=1;VOL=1;COOL=1;EMA50=1;VWAP=1;BIAS=1,0.00,0.00,23468.67,23465.16,KZ=ASIA; KZR=Asia H @ 3014.97 269 bars ago (high taken); DAY 12AM-4PM IST session: stop x1.00 of usual; no partials; full size to TP5; SL steps BE->TP1->TP2->TP3
209,2025.03.19 06:54:34,2025.03.19 09:24:34,TP1_REACHED,XAUUSD,M5,50,BUY,FULLTGT,DAY,0,3034.92,3031.94,3031.94,2.98,1.00,2.98,3037.90,3040.89,3043.87,3046.85,3049.83,0.39,0.00,0.39,3037.90,1.00,1.00,0.00,3032.78,3032.38,3029.40,3032.65,3032.30,2.420,1.23,33.84,68.00,68.00,1.26,1.06,0.20,3031.91,3036.12,304,292,100.0,0.0,10,1,CROSS=EMA9>EMA21;TREND=1;STRUCT=1;VOL=1;COOL=1;EMA50=1;VWAP=1;BIAS=1,0.99,-0.32,23468.67,23585.67,full target: no partial booked
210,2025.03.19 08:35:31,2025.03.19 11:05:31,TP2_REACHED,XAUUSD,M5,50,BUY,FULLTGT,DAY,0,3034.92,3031.94,3031.94,2.98,1.00,2.98,3037.90,3040.89,3043.87,3046.85,3049.83,0.39,0.00,0.39,3040.89,2.00,2.00,0.00,3035.27,3033.98,3030.84,3035.08,3033.86,2.598,1.21,25.26,69.30,69.30,1.16,0.99,0.16,3033.24,3039.76,469,243,100.0,0.0,11,1,CROSS=EMA9>EMA21;TREND=1;STRUCT=1;VOL=1;COOL=1;EMA50=1;VWAP=1;BIAS=1,1.99,-0.32,23468.67,23702.67,full target: no partial booked
211,2025.03.19 08:55:37,2025.03.19 11:25:37,TP3_REACHED,XAUUSD,M5,50,BUY,FULLTGT,DAY,0,3034.92,3031.94,3031.94,2.98,1.00,2.98,3037.90,3040.89,3043.87,3046.85,3049.83,0.39,0.00,0.39,3043.87,3.00,3.00,0.00,3036.26,3034.59,3031.28,3036.00,3034.43,2.231,1.49,36.88,77.25,77.25,1.83,1.31,0.53,3033.99,3042.81,313,284,100.0,0.0,9,1,CROSS=EMA9>EMA21;TREND=1;STRUCT=1;VOL=1;COOL=1;EMA50=1;VWAP=1;BIAS=1,3.00,-0.32,23468.67,23818.50,full target: no partial booked
212,2025.03.19 11:10:38,2025.03.19 13:40:38,EXIT_SL,XAUUSD,M5,50,BUY,FULLTGT,DAY,0,3034.92,3031.94,3031.94,2.98,1.00,2.98,3037.90,3040.89,3043.87,3046.85,3049.83,0.39,0.39,0.00,3031.90,0.00,-1.01,-120.52,3038.12,3036.56,3033.20,3038.31,3036.62,1.538,2.18,28.00,34.23,34.23,-0.92,-0.02,-0.90,3036.16,3033.52,583,526,14.3,85.7,12,1,CROSS=EMA9>EMA21;TREND=1;STRUCT=1;VOL=1;COOL=1;EMA50=1;VWAP=1;BIAS=1,3.52,-1.00,23349.52,23349.52,stopped at the initial SL (x1.00 of usual)
213,2025.03.19 12:05:00,2025.03.19 14:35:00,SKIP,XAUUSD,M5,50,FLAT,NA,DAY,0,0.00,0.00,0.00,0.00,1.00,0.00,0.00,0.00,0.00,0.00,0.00,0.00,0.00,0.00,0.00,0.00,0.00,0.00,3035.03,3035.19,3032.84,3035.46,3035.41,0.993,2.37,60.05,22.57,22.57,-3.43,-2.39,-1.04,3035.30,3024.52,633,528,0.0,100.0,9,1,CROSS=EMA9>EMA21;TREND=1;STRUCT=1;VOL=1;COOL=1;EMA50=1;VWAP=1;BIAS=1,0.00,0.00,23349.52,23349.52,outside the killzone window
214,2025.03.19 14:40:00,2025.03.19 17:10:00,SKIP,XAUUSD,M5,50,FLAT,NA,EVENING,0,0.00,0.00,0.00,0.00,1.00,0.00,0.00,0.00,0.00,0.00,0.00,0.00,0.00,0.00,0.00,0.00,0.00,0.00,3034.54,3034.49,3032.97,3034.36,3034.40,0.883,1.72,45.67,65.63,65.63,1.81,1.42,0.39,3034.71,3038.86,386,405,85.7,0.0,5,1,CROSS=EMA9>EMA21;TREND=1;STRUCT=1;VOL=1;COOL=1;EMA50=1;VWAP=1;BIAS=1,0.00,0.00,23349.52,23349.52,outside the killzone window
215,2025.03.19 17:05:00,2025.03.19 19:35:00,SKIP,XAUUSD,M5,50,FLAT,NA,EVENING,0,0.00,0.00,0.00,0.00,1.00,0.00,0.00,0.00,0.00,0.00,0.00,0.00,0.00,0.00,0.00,0.00,0.00,0.00,3034.95,3035.01,3033.72,3035.16,3035.12,0.461,2.80,38.27,37.32,37.32,-1.73,-1.26,-0.47,3034.83,3029.88,863,709,0.0,100.0,7,1,CROSS=EMA9>EMA21;TREND=1;STRUCT=1;VOL=1;COOL=1;EMA50=1;VWAP=1;BIAS=1,0.00,0.00,23349.52,23349.52,outside the killzone window
216,2025.03.19 21:30:00,2025.03.20 00:00:00,SKIP,XAUUSD,M5,50,FLAT,NA,DAY,0,0.00,0.00,0.00,0.00,1.00,0.00,0.00,0.00,0.00,0.00,0.00,0.00,0.00,0.00,0.00,0.00,0.00,0.00,3033.84,3033.79,3033.36,3033.68,3033.71,0.162,2.65,24.91,60.01,60.01,1.42,0.27,1.15,3034.13,3037.68,777,579,71.4,14.3,10,1,CROSS=EMA9>EMA21;TREND=1;STRUCT=1;VOL=1;COOL=1;EMA50=1;VWAP=1;BIAS=1,0.00,0.00,23349.52,23349.52,outside the killzone window
217,2025.03.20 01:00:00,2025.03.20 03:30:00,DAY_SUMMARY,XAUUSD,M5,50,FLAT,NA,DAY,0,0.00,0.00,0.00,0.00,1.00,0.00,0.00,0.00,0.00,0.00,0.00,0.00,0.00,0.00,0.00,0.00,-1.01,-120.52,3042.38,3039.30,3036.63,3042.19,3039.15,2.083,1.28,23.92,58.86,58.86,1.19,1.46,-0.27,3035.64,3047.16,108,382,57.1,14.3,11,1,CROSS=EMA9>EMA21;TREND=1;STRUCT=1;VOL=1;COOL=1;EMA50=1;VWAP=1;BIAS=1,0.00,0.00,23349.52,23349.52,2025.03.19 trades=1 W=0 L=1 gross_profit=0.00 gross_loss=120.52 net=-120.52 PF=0.00
218,2025.03.20 10:55:00,2025.03.20 13:25:00,SKIP,XAUUSD,M5,50,FLAT,NA,DAY,0,0.00,0.00,0.00,0.00,1.00,0.00,0.00,0.00,0.00,0.00,0.00,0.00,0.00,0.00,0.00,0.00,0.00,0.00,3048.22,3048.25,3045.67,3048.43,3048.35,1.417,1.82,33.07,31.16,31.16,-1.42,-0.97,-0.45,3050.04,3043.02,354,407,0.0,85.7,6,1,CROSS=EMA9>EMA21;TREND=1;STRUCT=1;VOL=1;COOL=1;EMA50=1;VWAP=1;BIAS=1,0.00,0.00,23349.52,23349.52,outside the killzone window
219,2025.03.20 21:25:00,2025.03.20 23:55:00,SKIP,XAUUSD,M5,50,FLAT,NA,EVENING,0,0.00,0.00,0.00,0.00,1.00,0.00,0.00,0.00,0.00,0.00,0.00,0.00,0.00,0.00,0.00,0.00,0.00,0.00,3039.10,3039.03,3040.10,3038.87,3038.92,-0.569,1.87,46.33,65.67,65.67,1.58,0.70,0.87,3041.52,3044.79,378,390,85.7,0.0,7,1,CROSS=EMA9>EMA21;TREND=1;STRUCT=1;VOL=1;COOL=1;EMA50=1;VWAP=1;BIAS=1,0.00,0.00,23349.52,23349.52,outside the killzone window
220,2025.03.21 05:10:00,2025.03.21 07:40:00,ENTRY,XAUUSD,M5,52,SELL,FULLTGT,DAY,0,3036.23,3040.18,3040.18,3.95,1.00,3.95,3032.28,3028.33,3024.38,3020.43,3016.48,0.29,0.29,0.29,3036.23,0.00,0.00,0.00,3042.27,3042.37,3042.01,3042.52,3042.50,0.183,1.97,35.70,24.61,24.61,-2.10,-1.29,-0.80,3042.06,3036.25,419,371,0.0,100.0,8,1,CROSS=EMA9<EMA21;TREND=1;STRUCT=1;VOL=1;COOL=1;EMA50=1;VWAP=1;BIAS=1,0.00,0.00,23348.50,23346.18,KZ=ASIA; KZR=Asia H @ 3056.42 257 bars ago (high taken); DAY 12AM-4PM IST session: stop x1.00 of usual; no partials; full size to TP5; SL steps BE->TP1->TP2->TP3
221,2025.03.21 06:07:36,2025.03.21 08:37:36,TP1_REACHED,XAUUSD,M5,52,SELL,FULLTGT,DAY,0,3036.23,3040.18,3040.18,3.95,1.00,3.95,3032.28,3028.33,3024.38,3020.43,3016.48,0.29,0.00,0.29,3032.28,1.00,1.00,0.00,3039.60,3040.87,3041.26,3039.82,3041.01,-0.255,1.52,42.07,23.54,23.54,-2.10,-2.30,0.20,3039.98,3034.04,482,417,14.3,85.7,11,1,CROSS=EMA9<EMA21;TREND=1;STRUCT=1;VOL=1;COOL=1;EMA50=1;VWAP=1;BIAS=1,1.00,-0.13,23348.50,23463.63,full target: no partial booked
222,2025.03.21 07:52:37,2025.03.21 10:22:37,TP2_REACHED,XAUUSD,M5,52,SELL,FULLTGT,DAY,0,3036.23,3040.18,3040.18,3.95,1.00,3.95,3032.28,3028.33,3024.38,3020.43,3016.48,0.29,0.00,0.29,3028.33,2.00,2.00,0.00,3034.77,3037.53,3039.34,3034.92,3037.66,-1.460,1.24,20.22,40.21,40.21,-1.13,-1.52,0.40,3037.46,3031.10,202,283,14.3,57.1,12,1,CROSS=EMA9<EMA21;TREND=1;STRUCT=1;VOL=1;COOL=1;EMA50=1;VWAP=1;BIAS=1,2.00,-0.13,23348.50,23579.05,full target: no partial booked
223,2025.03.21 08:42:15,2025.03.21 11:12:15,TP3_REACHED,XAUUSD,M5,52,SELL,FULLTGT,DAY,0,3036.23,3040.18,3040.18,3.95,1.00,3.95,3032.28,3028.33,3024.38,3020.43,3016.48,0.29,0.00,0.29,3024.38,3.00,3.00,0.00,3032.46,3035.77,3038.25,3032.72,3035.97,-2.011,1.23,45.20,22.71,22.71,-1.73,-1.46,-0.26,3036.25,3026.17,380,279,0.0,100.0,10,1,CROSS=EMA9<EMA21;TREND=1;STRUCT=1;VOL=1;COOL=1;EMA50=1;VWAP=1;BIAS=1,2.99,-0.13,23348.50,23692.44,full target: no partial booked
224,2025.03.21 15:50:00,2025.03.21 18:20:00,SKIP,XAUUSD,M5,52,SELL,FULLTGT,EVENING,0,3036.23,3040.18,3040.18,3.95,1.00,3.95,3032.28,3028.33,3024.38,3020.43,3016.48,0.29,0.00,0.00,0.00,0.00,0.00,0.00,3033.11,3033.04,3034.68,3032.94,3032.95,-0.688,2.40,29.85,61.72,61.72,1.04,1.11,-0.07,3033.48,3037.32,512,475,85.7,14.3,10,1,CROSS=EMA9<EMA21;TREND=1;STRUCT=1;VOL=1;COOL=1;EMA50=1;VWAP=1;BIAS=1,3.65,-0.47,23348.50,23314.57,outside the killzone window
225,2025.03.21 16:38:15,2025.03.21 19:08:15,TP4_REACHED,XAUUSD,M5,52,SELL,FULLTGT,EVENING,0,3036.23,3040.18,3040.18,3.95,1.00,3.95,3032.28,3028.33,3024.38,3020.43,3016.48,0.29,0.00,0.29,3020.43,4.00,4.00,0.00,3033.03,3033.03,3034.55,3033.31,3033.17,-0.573,2.64,25.35,32.17,32.17,-0.72,0.49,-1.21,3033.41,3026.16,1215,599,14.3,85.7,11,1,CROSS=EMA9<EMA21;TREND=1;STRUCT=1;VOL=1;COOL=1;EMA50=1;VWAP=1;BIAS=1,4.00,-0.52,23348.50,23807.57,full target: no partial booked
226,2025.03.21 16:39:26,2025.03.21 19:09:26,TP5_EXIT,XAUUSD,M5,52,SELL,FULLTGT,EVENING,0,3036.23,3040.18,3040.18,3.95,1.00,3.95,3032.28,3028.33,3024.38,3020.43,3016.48,0.29,0.29,0.00,3016.46,5.00,5.00,0.00,3033.03,3033.03,3034.55,3033.31,3033.17,-0.573,2.64,25.35,32.17,32.17,-0.72,0.49,-1.21,3033.41,3026.16,1215,599,14.3,85.7,11,1,CROSS=EMA9<EMA21;TREND=1;STRUCT=1;VOL=1;COOL=1;EMA50=1;VWAP=1;BIAS=1,5.00,-0.52,23901.08,23920.85,full target reached; closed in full
227,2025.03.21 16:40:00,2025.03.21 19:10:00,SKIP,XAUUSD,M5,52,SELL,FULLTGT,EVENING,0,3036.23,3040.18,3040.18,3.95,1.00,3.95,3032.28,3028.33,3024.38,3020.43,3016.48,0.29,0.00,0.00,0.00,0.00,0.00,0.00,3032.40,3032.71,3034.37,3033.03,3033.03,-0.487,3.41,30.14,22.08,22.08,-1.92,0.17,-2.08,3033.12,3016.98,1423,640,0.0,100.0,10,1,CROSS=EMA9<EMA21;TREND=1;STRUCT=1;VOL=1;COOL=1;EMA50=1;VWAP=1;BIAS=1,5.73,-0.52,23901.08,23920.35,outside the killzone window
228,2025.03.21 23:42:00,2025.03.22 02:12:00,EXIT_WEEKEND,XAUUSD,M5,52,SELL,FULLTGT,DAY,0,3036.23,3040.18,3040.18,3.95,1.00,3.95,3032.28,3028.33,3024.38,3020.43,3016.48,0.29,0.01,0.00,3023.61,0.00,3.19,0.00,3019.30,3020.19,3024.15,3019.14,3020.13,-3.977,1.00,36.74,67.18,67.18,1.36,1.13,0.22,3025.08,3023.23,124,285,57.1,28.6,41,1,CROSS=EMA9<EMA21;TREND=1;STRUCT=1;VOL=1;COOL=1;EMA50=1;VWAP=1;BIAS=1,9.33,-0.52,23913.66,23913.66,WEEKEND exit
229,2025.03.21 23:42:02,2025.03.22 02:12:02,EXIT_WEEKEND,XAUUSD,M5,52,SELL,FULLTGT,DAY,0,3036.23,3040.18,3040.18,3.95,1.00,3.95,3032.28,3028.33,3024.38,3020.43,3016.48,0.29,0.29,0.00,3023.61,0.00,3.19,564.14,3019.30,3020.19,3024.15,3019.14,3020.13,-3.977,1.00,36.74,67.18,67.18,1.36,1.13,0.22,3025.08,3023.23,124,285,57.1,28.6,41,1,CROSS=EMA9<EMA21;TREND=1;STRUCT=1;VOL=1;COOL=1;EMA50=1;VWAP=1;BIAS=1,9.33,-0.52,23913.66,23913.66,flattened before the Friday close
230,2025.03.24 01:00:00,2025.03.24 03:30:00,DAY_SUMMARY,XAUUSD,M5,52,FLAT,NA,DAY,0,0.00,0.00,0.00,0.00,1.00,0.00,0.00,0.00,0.00,0.00,0.00,0.00,0.00,0.00,0.00,0.00,3.19,564.14,3019.86,3020.41,3024.11,3019.74,3020.36,-3.203,1.16,40.33,63.85,63.85,1.28,1.26,0.01,3025.07,3022.94,117,235,57.1,28.6,11,1,CROSS=EMA9<EMA21;TREND=1;STRUCT=1;VOL=1;COOL=1;EMA50=1;VWAP=1;BIAS=1,0.00,0.00,23913.66,23913.66,2025.03.21 trades=1 W=1 L=0 gross_profit=564.14 gross_loss=0.00 net=564.14 PF=0.00
231,2025.03.24 01:00:00,2025.03.24 03:30:00,WEEK_SUMMARY,XAUUSD,M5,52,FLAT,NA,DAY,0,0.00,0.00,0.00,0.00,1.00,0.00,0.00,0.00,0.00,0.00,0.00,0.00,0.00,0.00,0.00,0.00,1.18,322.12,3019.86,3020.41,3024.11,3019.74,3020.36,-3.203,1.16,40.33,63.85,63.85,1.28,1.26,0.01,3025.07,3022.94,117,235,57.1,28.6,11,1,CROSS=EMA9<EMA21;TREND=1;STRUCT=1;VOL=1;COOL=1;EMA50=1;VWAP=1;BIAS=1,0.00,0.00,23913.66,23913.66,days=3 trades=3 W=1 L=2 gross_profit=564.14 gross_loss=242.02 net=322.12 PF=2.33 pips=724.0
232,2025.03.24 01:35:00,2025.03.24 04:05:00,SKIP,XAUUSD,M5,52,FLAT,NA,DAY,0,0.00,0.00,0.00,0.00,1.00,0.00,0.00,0.00,0.00,0.00,0.00,0.00,0.00,0.00,0.00,0.00,0.00,0.00,3020.93,3020.91,3024.12,3020.85,3020.87,-1.698,1.89,30.09,53.37,53.37,1.21,1.32,-0.11,3023.64,3022.92,205,212,57.1,28.6,8,1,CROSS=EMA9<EMA21;TREND=1;STRUCT=1;VOL=1;COOL=1;EMA50=1;VWAP=1;BIAS=1,0.00,0.00,23913.66,23913.66,outside the killzone window
233,2025.03.24 06:00:00,2025.03.24 08:30:00,ENTRY,XAUUSD,M5,55,SELL,FULLTGT,DAY,0,3016.44,3020.42,3020.42,3.98,1.00,3.98,3012.46,3008.49,3004.51,3000.53,2996.55,0.30,0.30,0.30,3016.44,0.00,0.00,0.00,3021.79,3021.88,3023.52,3022.01,3021.99,-0.822,1.99,30.12,31.42,31.42,-1.29,-0.46,-0.84,3022.18,3016.44,364,473,0.0,85.7,10,1,CROSS=EMA9<EMA21;TREND=1;STRUCT=1;VOL=1;COOL=1;EMA50=1;VWAP=1;BIAS=1,0.00,0.00,23912.61,23909.61,KZ=ASIA; KZR=Asia H @ 3056.42 1131 bars ago (high taken); DAY 12AM-4PM IST session: stop x1.00 of usual; no partials; full size to TP5; SL steps BE->TP1->TP2->TP3
234,2025.03.24 08:07:34,2025.03.24 10:37:34,EXIT_SL,XAUUSD,M5,55,SELL,FULLTGT,DAY,0,3016.44,3020.42,3020.42,3.98,1.00,3.98,3012.46,3008.49,3004.51,3000.53,2996.55,0.30,0.30,0.00,3020.42,0.00,-1.00,-121.50,3019.47,3020.38,3022.30,3019.49,3020.40,-1.628,1.18,39.16,51.48,51.48,-0.15,-0.47,0.31,3021.15,3018.96,339,249,42.9,57.1,7,1,CROSS=EMA9<EMA21;TREND=1;STRUCT=1;VOL=1;COOL=1;EMA50=1;VWAP=1;BIAS=1,0.24,-0.99,23792.16,23792.16,stopped at the initial SL (x1.00 of usual)
235,2025.03.24 09:50:00,2025.03.24 12:20:00,SKIP,XAUUSD,M5,55,FLAT,NA,DAY,0,0.00,0.00,0.00,0.00,1.00,0.00,0.00,0.00,0.00,0.00,0.00,0.00,0.00,0.00,0.00,0.00,0.00,0.00,3020.93,3020.93,3022.24,3020.76,3020.84,-0.783,1.67,29.92,66.20,66.20,1.05,0.58,0.47,3021.27,3025.26,303,331,85.7,0.0,7,1,CROSS=EMA9<EMA21;TREND=1;STRUCT=1;VOL=1;COOL=1;EMA50=1;VWAP=1;BIAS=1,0.00,0.00,23792.16,23792.16,outside the killzone window
236,2025.03.24 17:30:00,2025.03.24 20:00:00,SKIP,XAUUSD,M5,55,FLAT,NA,EVENING,0,0.00,0.00,0.00,0.00,1.00,0.00,0.00,0.00,0.00,0.00,0.00,0.00,0.00,0.00,0.00,0.00,0.00,0.00,3024.54,3024.64,3024.28,3024.87,3024.80,0.118,3.12,27.15,30.07,30.07,-1.67,-1.11,-0.56,3023.84,3016.67,831,824,0.0,100.0,8,1,CROSS=EMA9<EMA21;TREND=1;STRUCT=1;VOL=1;COOL=1;EMA50=1;VWAP=1;BIAS=1,0.00,0.00,23792.16,23792.16,outside the killzone window
237,2025.03.25 01:00:00,2025.03.25 03:30:00,DAY_SUMMARY,XAUUSD,M5,55,FLAT,NA,DAY,0,0.00,0.00,0.00,0.00,1.00,0.00,0.00,0.00,0.00,0.00,0.00,0.00,0.00,0.00,0.00,0.00,-1.00,-121.50,3009.60,3012.20,3016.02,3009.50,3012.21,-2.767,1.38,53.46,60.54,60.54,1.55,1.04,0.51,3019.64,3011.96,82,210,57.1,28.6,11,1,CROSS=EMA9<EMA21;TREND=1;STRUCT=1;VOL=1;COOL=1;EMA50=1;VWAP=1;BIAS=1,0.00,0.00,23792.16,23792.16,2025.03.24 trades=1 W=0 L=1 gross_profit=0.00 gross_loss=121.50 net=-121.50 PF=0.00
238,2025.03.25 06:50:00,2025.03.25 09:20:00,ENTRY,XAUUSD,M5,57,BUY,FULLTGT,DAY,0,3014.99,3012.10,3012.10,2.89,1.00,2.89,3017.88,3020.77,3023.66,3026.56,3029.45,0.41,0.41,0.41,3014.99,0.00,0.00,0.00,3012.00,3011.98,3013.89,3011.88,3011.93,-1.318,1.45,46.08,62.22,62.22,0.97,0.30,0.66,3011.89,3014.92,309,338,85.7,0.0,7,1,CROSS=EMA9>EMA21;TREND=1;STRUCT=1;VOL=1;COOL=1;EMA50=1;VWAP=1;BIAS=1,0.00,0.00,23790.72,23787.85,KZ=ASIA; KZR=Asia H @ 3056.42 1429 bars ago (high taken); DAY 12AM-4PM IST session: stop x1.00 of usual; no partials; full size to TP5; SL steps BE->TP1->TP2->TP3
239,2025.03.25 08:10:14,2025.03.25 10:40:14,TP1_REACHED,XAUUSD,M5,57,BUY,FULLTGT,DAY,0,3014.99,3012.10,3012.10,2.89,1.00,2.89,3017.88,3020.77,3023.66,3026.56,3029.45,0.41,0.00,0.41,3017.88,1.00,1.00,0.00,3013.78,3013.00,3014.15,3013.62,3012.91,-1.152,1.00,42.17,68.15,68.15,1.01,0.95,0.06,3012.52,3017.52,197,237,85.7,0.0,7,1,CROSS=EMA9>EMA21;TREND=1;STRUCT=1;VOL=1;COOL=1;EMA50=1;VWAP=1;BIAS=1,1.00,-0.20,23790.72,23910.44,full target: no partial booked
240,2025.03.25 08:26:13,2025.03.25 10:56:13,TP2_REACHED,XAUUSD,M5,57,BUY,FULLTGT,DAY,0,3014.99,3012.10,3012.10,2.89,1.00,2.89,3017.88,3020.77,3023.66,3026.56,3029.45,0.41,0.00,0.41,3020.77,2.00,2.00,0.00,3014.36,3013.35,3014.29,3014.13,3013.21,-0.846,1.12,49.83,74.75,74.75,1.39,1.03,0.36,3012.77,3019.92,312,238,100.0,0.0,13,1,CROSS=EMA9>EMA21;TREND=1;STRUCT=1;VOL=1;COOL=1;EMA50=1;VWAP=1;BIAS=1,1.99,-0.20,23790.72,24028.11,full target: no partial booked
241,2025.03.25 10:56:33,2025.03.25 13:26:33,EXIT_SL,XAUUSD,M5,57,BUY,FULLTGT,DAY,0,3014.99,3012.10,3012.10,2.89,1.00,2.89,3017.88,3020.77,3023.66,3026.56,3029.45,0.41,0.41,0.00,3012.10,0.00,-1.00,-121.37,3015.39,3014.59,3014.80,3015.50,3014.63,-0.130,1.59,26.83,38.41,38.41,-0.90,-0.40,-0.50,3013.93,3012.91,294,359,14.3,71.4,5,1,CROSS=EMA9>EMA21;TREND=1;STRUCT=1;VOL=1;COOL=1;EMA50=1;VWAP=1;BIAS=1,2.09,-1.00,23670.79,23670.79,stopped at the initial SL (x1.00 of usual)
242,2025.03.25 21:55:00,2025.03.26 00:25:00,SKIP,XAUUSD,M5,57,FLAT,NA,DAY,0,0.00,0.00,0.00,0.00,1.00,0.00,0.00,0.00,0.00,0.00,0.00,0.00,0.00,0.00,0.00,0.00,0.00,0.00,3021.98,3022.04,3020.58,3022.10,3022.10,1.219,1.20,37.68,39.89,39.89,-1.23,-0.97,-0.26,3020.13,3019.05,265,326,0.0,85.7,7,1,CROSS=EMA9>EMA21;TREND=1;STRUCT=1;VOL=1;COOL=1;EMA50=1;VWAP=1;BIAS=1,0.00,0.00,23670.79,23670.79,outside the killzone window
243,2025.03.26 01:00:00,2025.03.26 03:30:00,DAY_SUMMARY,XAUUSD,M5,57,FLAT,NA,DAY,0,0.00,0.00,0.00,0.00,1.00,0.00,0.00,0.00,0.00,0.00,0.00,0.00,0.00,0.00,0.00,0.00,-1.00,-121.37,3020.64,3021.16,3020.40,3020.67,3021.18,1.047,0.73,19.02,47.60,47.60,-0.02,-0.08,0.06,3020.10,3019.81,86,180,14.3,57.1,11,1,CROSS=EMA9>EMA21;TREND=1;STRUCT=1;VOL=1;COOL=1;EMA50=1;VWAP=1;BIAS=1,0.00,0.00,23670.79,23670.79,2025.03.25 trades=1 W=0 L=1 gross_profit=0.00 gross_loss=121.37 net=-121.37 PF=0.00
244,2025.03.26 05:15:00,2025.03.26 07:45:00,SKIP,XAUUSD,M5,57,FLAT,NA,DAY,0,0.00,0.00,0.00,0.00,1.00,0.00,0.00,0.00,0.00,0.00,0.00,0.00,0.00,0.00,0.00,0.00,0.00,0.00,3021.07,3021.06,3020.63,3020.91,3020.98,0.246,1.76,42.94,71.36,71.36,1.25,0.39,0.86,3020.67,3025.14,358,434,85.7,0.0,7,1,CROSS=EMA9>EMA21;TREND=1;STRUCT=1;VOL=1;COOL=1;EMA50=1;VWAP=1;BIAS=1,0.00,0.00,23670.79,23670.79,already positioned that way
245,2025.03.26 06:55:00,2025.03.26 09:25:00,ENTRY,XAUUSD,M5,59,SELL,FULLTGT,DAY,0,3016.73,3019.72,3019.72,2.99,1.00,2.99,3013.74,3010.74,3007.75,3004.76,3001.77,0.39,0.39,0.39,3016.73,0.00,0.00,0.00,3021.14,3021.22,3020.82,3021.32,3021.31,0.265,1.50,58.07,31.56,31.56,-1.30,-0.55,-0.75,3021.16,3016.73,395,384,0.0,100.0,7,1,CROSS=EMA9<EMA21;TREND=1;STRUCT=1;VOL=1;COOL=1;EMA50=1;VWAP=1;BIAS=1,0.00,0.00,23669.42,23666.69,KZ=ASIA; KZR=Asia H @ 3056.42 1718 bars ago (high taken); DAY 12AM-4PM IST session: stop x1.00 of usual; no partials; full size to TP5; SL steps BE->TP1->TP2->TP3
246,2025.03.26 08:08:00,2025.03.26 10:38:00,TP1_REACHED,XAUUSD,M5,59,SELL,FULLTGT,DAY,0,3016.73,3019.72,3019.72,2.99,1.00,2.99,3013.74,3010.74,3007.75,3004.76,3001.77,0.39,0.00,0.39,3013.74,1.00,1.00,0.00,3018.89,3019.93,3020.19,3019.02,3020.01,-0.279,0.93,55.77,36.67,36.67,-1.52,-1.62,0.10,3020.42,3015.64,233,294,14.3,71.4,13,1,CROSS=EMA9<EMA21;TREND=1;STRUCT=1;VOL=1;COOL=1;EMA50=1;VWAP=1;BIAS=1,1.00,-0.38,23669.42,23786.81,full target: no partial booked
247,2025.03.26 08:45:19,2025.03.26 11:15:19,EXIT_SL,XAUUSD,M5,59,SELL,FULLTGT,DAY,0,3016.73,3019.72,3019.72,2.99,1.00,2.99,3013.74,3010.74,3007.75,3004.76,3001.77,0.39,0.39,0.00,3019.72,0.00,-1.00,-119.35,3018.24,3019.41,3019.90,3018.19,3019.41,-0.358,1.35,37.25,61.65,61.65,-0.39,-1.16,0.77,3020.01,3019.45,357,272,71.4,28.6,9,1,CROSS=EMA9<EMA21;TREND=1;STRUCT=1;VOL=1;COOL=1;EMA50=1;VWAP=1;BIAS=1,1.18,-0.99,23551.44,23551.44,stopped at the initial SL (x1.00 of usual)
248,2025.03.26 09:45:00,2025.03.26 12:15:00,SKIP,XAUUSD,M5,59,FLAT,NA,DAY,0,0.00,0.00,0.00,0.00,1.00,0.00,0.00,0.00,0.00,0.00,0.00,0.00,0.00,0.00,0.00,0.00,0.00,0.00,3020.40,3020.36,3020.34,3020.22,3020.26,0.011,1.65,59.90,68.98,68.98,2.02,1.70,0.32,3020.71,3024.89,391,437,85.7,0.0,8,1,CROSS=EMA9<EMA21;TREND=1;STRUCT=1;VOL=1;COOL=1;EMA50=1;VWAP=1;BIAS=1,0.00,0.00,23551.44,23551.44,outside the killzone window
249,2025.03.26 17:15:00,2025.03.26 19:45:00,SKIP,XAUUSD,M5,59,FLAT,NA,EVENING,0,0.00,0.00,0.00,0.00,1.00,0.00,0.00,0.00,0.00,0.00,0.00,0.00,0.00,0.00,0.00,0.00,0.00,0.00,3023.49,3023.51,3022.75,3023.71,3023.62,0.277,2.75,49.76,36.05,36.05,-2.27,-1.50,-0.77,3022.89,3018.05,813,754,0.0,100.0,5,1,CROSS=EMA9<EMA21;TREND=1;STRUCT=1;VOL=1;COOL=1;EMA50=1;VWAP=1;BIAS=1,0.00,0.00,23551.44,23551.44,outside the killzone window
250,2025.03.27 01:00:00,2025.03.27 03:30:00,DAY_SUMMARY,XAUUSD,M5,59,FLAT,NA,DAY,0,0.00,0.00,0.00,0.00,1.00,0.00,0.00,0.00,0.00,0.00,0.00,0.00,0.00,0.00,0.00,0.00,-1.00,-119.35,3018.68,3019.24,3020.12,3018.68,3019.25,-0.761,1.16,36.09,50.01,50.01,0.44,0.43,0.02,3020.96,3018.85,223,387,57.1,28.6,50,1,CROSS=EMA9<EMA21;TREND=1;STRUCT=1;VOL=1;COOL=1;EMA50=1;VWAP=1;BIAS=1,0.00,0.00,23551.44,23551.44,2025.03.26 trades=1 W=0 L=1 gross_profit=0.00 gross_loss=119.35 net=-119.35 PF=0.00
251,2025.03.27 03:05:00,2025.03.27 05:35:00,ENTRY,XAUUSD,M5,61,BUY,FULLTGT,DAY,0,3024.09,3021.59,3021.59,2.50,1.00,2.50,3026.59,3029.09,3031.59,3034.09,3036.59,0.47,0.47,0.47,3024.09,0.00,0.00,0.00,3019.68,3019.60,3020.11,3019.50,3019.51,-0.415,1.25,25.92,69.33,69.33,0.77,0.36,0.41,3020.01,3023.92,542,302,100.0,0.0,17,1,CROSS=EMA9>EMA21;TREND=1;STRUCT=1;VOL=1;COOL=1;EMA50=1;VWAP=1;BIAS=1,0.00,0.00,23549.79,23541.80,KZ=ASIA; KZR=Asia H @ 3056.42 1960 bars ago (high taken); DAY 12AM-4PM IST session: stop x1.00 of usual; no partials; full size to TP5; SL steps BE->TP1->TP2->TP3
252,2025.03.27 03:37:04,2025.03.27 06:07:04,EXIT_SL,XAUUSD,M5,61,BUY,FULLTGT,DAY,0,3024.09,3021.59,3021.59,2.50,1.00,2.50,3026.59,3029.09,3031.59,3034.09,3036.59,0.47,0.47,0.00,3021.58,0.00,-1.00,-121.27,3020.34,3019.96,3020.27,3020.27,3019.91,-0.247,1.27,31.14,54.37,54.37,0.93,0.82,0.11,3020.75,3022.00,333,355,85.7,0.0,34,1,CROSS=EMA9>EMA21;TREND=1;STRUCT=1;VOL=1;COOL=1;EMA50=1;VWAP=1;BIAS=1,0.39,-1.00,23430.17,23430.17,stopped at the initial SL (x1.00 of usual)
253,2025.03.28 01:00:00,2025.03.28 03:30:00,DAY_SUMMARY,XAUUSD,M5,61,FLAT,NA,DAY,0,0.00,0.00,0.00,0.00,1.00,0.00,0.00,0.00,0.00,0.00,0.00,0.00,0.00,0.00,0.00,0.00,-1.00,-121.27,3055.09,3052.38,3046.55,3055.03,3052.30,7.515,0.78,20.23,52.99,52.99,0.28,0.43,-0.15,3042.59,3056.42,171,390,57.1,14.3,50,1,CROSS=EMA9>EMA21;TREND=1;STRUCT=1;VOL=1;COOL=1;EMA50=1;VWAP=1;BIAS=1,0.00,0.00,23430.17,23430.17,2025.03.27 trades=1 W=0 L=1 gross_profit=0.00 gross_loss=121.27 net=-121.27 PF=0.00
254,2025.03.31 01:00:00,2025.03.31 03:30:00,WEEK_SUMMARY,XAUUSD,M5,61,FLAT,NA,DAY,0,0.00,0.00,0.00,0.00,1.00,0.00,0.00,0.00,0.00,0.00,0.00,0.00,0.00,0.00,0.00,0.00,-4.00,-483.49,3081.28,3079.90,3076.21,3081.16,3079.82,2.371,1.56,44.56,59.08,59.08,1.06,0.87,0.19,3075.09,3084.20,78,301,85.7,0.0,12,1,CROSS=EMA9>EMA21;TREND=1;STRUCT=1;VOL=1;COOL=1;EMA50=1;VWAP=1;BIAS=1,0.00,0.00,23430.17,23430.17,days=4 trades=4 W=0 L=4 gross_profit=0.00 gross_loss=483.49 net=-483.49 PF=0.00 pips=-1237.0
255,2025.04.01 01:00:00,2025.04.01 03:30:00,MONTH_SUMMARY,XAUUSD,M5,61,FLAT,NA,DAY,0,0.00,0.00,0.00,0.00,1.00,0.00,0.00,0.00,0.00,0.00,0.00,0.00,0.00,0.00,0.00,0.00,-7.86,-774.84,3121.80,3120.03,3115.24,3121.71,3119.95,5.294,0.91,18.78,56.74,56.74,0.72,0.81,-0.09,3113.51,3123.96,127,225,57.1,14.3,16,1,CROSS=EMA9>EMA21;TREND=1;STRUCT=1;VOL=1;COOL=1;EMA50=1;VWAP=1;BIAS=1,0.00,0.00,23430.17,23430.17,days=10 trades=12 W=1 L=11 gross_profit=564.14 gross_loss=1338.98 net=-774.84 PF=0.42 pips=-2001.0
256,2025.04.01 12:00:00,2025.04.01 14:30:00,SKIP,XAUUSD,M5,61,FLAT,NA,DAY,0,0.00,0.00,0.00,0.00,1.00,0.00,0.00,0.00,0.00,0.00,0.00,0.00,0.00,0.00,0.00,0.00,0.00,0.00,3134.14,3134.16,3129.83,3134.28,3134.23,1.739,2.49,19.40,44.87,44.87,-0.69,-0.95,0.26,3134.77,3130.90,467,699,14.3,57.1,6,1,CROSS=EMA9>EMA21;TREND=1;STRUCT=1;VOL=1;COOL=1;EMA50=1;VWAP=1;BIAS=1,0.00,0.00,23430.17,23430.17,outside the killzone window
257,2025.04.02 04:25:00,2025.04.02 06:55:00,SKIP,XAUUSD,M5,61,FLAT,NA,DAY,0,0.00,0.00,0.00,0.00,1.00,0.00,0.00,0.00,0.00,0.00,0.00,0.00,0.00,0.00,0.00,0.00,0.00,0.00,3118.96,3118.80,3121.20,3118.43,3118.53,-0.817,2.95,55.62,77.47,77.47,4.28,2.86,1.43,3119.47,3132.01,606,416,85.7,14.3,8,1,CROSS=EMA9>EMA21;TREND=1;STRUCT=1;VOL=1;COOL=1;EMA50=1;VWAP=1;BIAS=1,0.00,0.00,23430.17,23430.17,already positioned that way
258,2025.04.02 08:35:00,2025.04.02 11:05:00,SKIP,XAUUSD,M5,61,FLAT,NA,DAY,0,0.00,0.00,0.00,0.00,1.00,0.00,0.00,0.00,0.00,0.00,0.00,0.00,0.00,0.00,0.00,0.00,0.00,0.00,3122.42,3122.51,3122.92,3122.80,3122.70,-0.143,2.81,76.20,25.24,25.24,-3.52,-3.20,-0.33,3123.77,3113.14,997,341,14.3,85.7,13,1,CROSS=EMA9>EMA21;TREND=1;STRUCT=1;VOL=1;COOL=1;EMA50=1;VWAP=1;BIAS=1,0.00,0.00,23430.17,23430.17,outside the killzone window
259,2025.04.02 11:35:00,2025.04.02 14:05:00,SKIP,XAUUSD,M5,61,FLAT,NA,DAY,0,0.00,0.00,0.00,0.00,1.00,0.00,0.00,0.00,0.00,0.00,0.00,0.00,0.00,0.00,0.00,0.00,0.00,0.00,3121.36,3121.33,3121.98,3120.90,3121.10,-0.244,2.66,50.05,75.30,75.30,3.08,1.94,1.14,3122.06,3132.47,862,570,100.0,0.0,9,1,CROSS=EMA9>EMA21;TREND=1;STRUCT=1;VOL=1;COOL=1;EMA50=1;VWAP=1;BIAS=1,0.00,0.00,23430.17,23430.17,outside the killzone window
260,2025.04.02 15:10:00,2025.04.02 17:40:00,SKIP,XAUUSD,M5,61,FLAT,NA,EVENING,0,0.00,0.00,0.00,0.00,1.00,0.00,0.00,0.00,0.00,0.00,0.00,0.00,0.00,0.00,0.00,0.00,0.00,0.00,3122.99,3123.04,3122.98,3123.11,3123.11,0.025,2.76,22.65,44.26,44.26,-1.12,-1.42,0.30,3122.74,3120.00,820,540,28.6,57.1,13,1,CROSS=EMA9>EMA21;TREND=1;STRUCT=1;VOL=1;COOL=1;EMA50=1;VWAP=1;BIAS=1,0.00,0.00,23430.17,23430.17,outside the killzone window
261,2025.04.02 16:10:00,2025.04.02 18:40:00,SKIP,XAUUSD,M5,61,FLAT,NA,EVENING,0,0.00,0.00,0.00,0.00,1.00,0.00,0.00,0.00,0.00,0.00,0.00,0.00,0.00,0.00,0.00,0.00,0.00,0.00,3123.15,3123.11,3123.01,3123.01,3123.04,0.034,2.75,22.06,59.55,59.55,0.48,0.08,0.40,3122.77,3126.60,906,586,85.7,0.0,10,1,CROSS=EMA9>EMA21;TREND=1;STRUCT=1;VOL=1;COOL=1;EMA50=1;VWAP=1;BIAS=1,0.00,0.00,23430.17,23430.17,outside the killzone window
262,2025.04.02 22:00:00,2025.04.03 00:30:00,SKIP,XAUUSD,M5,61,FLAT,NA,DAY,0,0.00,0.00,0.00,0.00,1.00,0.00,0.00,0.00,0.00,0.00,0.00,0.00,0.00,0.00,0.00,0.00,0.00,0.00,3124.87,3124.92,3124.37,3124.99,3124.98,0.269,2.05,15.22,43.57,43.57,-1.39,-1.57,0.18,3123.87,3121.97,327,601,14.3,57.1,11,1,CROSS=EMA9>EMA21;TREND=1;STRUCT=1;VOL=1;COOL=1;EMA50=1;VWAP=1;BIAS=1,0.00,0.00,23430.17,23430.17,outside the killzone window
263,2025.04.02 22:40:00,2025.04.03 01:10:00,SKIP,XAUUSD,M5,61,FLAT,NA,DAY,0,0.00,0.00,0.00,0.00,1.00,0.00,0.00,0.00,0.00,0.00,0.00,0.00,0.00,0.00,0.00,0.00,0.00,0.00,3124.96,3124.95,3124.43,3124.91,3124.93,0.288,1.83,18.94,55.21,55.21,0.16,-0.61,0.77,3123.89,3126.20,372,469,71.4,0.0,8,1,CROSS=EMA9>EMA21;TREND=1;STRUCT=1;VOL=1;COOL=1;EMA50=1;VWAP=1;BIAS=1,0.00,0.00,23430.17,23430.17,outside the killzone window
264,2025.04.02 23:05:00,2025.04.03 01:35:00,SKIP,XAUUSD,M5,61,FLAT,NA,DAY,0,0.00,0.00,0.00,0.00,1.00,0.00,0.00,0.00,0.00,0.00,0.00,0.00,0.00,0.00,0.00,0.00,0.00,0.00,3124.94,3124.95,3124.45,3124.99,3124.97,0.308,1.62,19.51,47.01,47.01,0.08,0.06,0.01,3123.91,3123.84,332,395,14.3,57.1,9,1,CROSS=EMA9>EMA21;TREND=1;STRUCT=1;VOL=1;COOL=1;EMA50=1;VWAP=1;BIAS=1,0.00,0.00,23430.17,23430.17,outside the killzone window
265,2025.04.02 23:35:00,2025.04.03 02:05:00,SKIP,XAUUSD,M5,61,FLAT,NA,DAY,0,0.00,0.00,0.00,0.00,1.00,0.00,0.00,0.00,0.00,0.00,0.00,0.00,0.00,0.00,0.00,0.00,0.00,0.00,3125.17,3125.05,3124.53,3124.77,3124.85,0.076,6.86,23.07,68.23,68.23,0.99,-0.01,1.01,3123.99,3134.94,1264,534,85.7,0.0,11,1,CROSS=EMA9>EMA21;TREND=1;STRUCT=1;VOL=1;COOL=1;EMA50=1;VWAP=1;BIAS=1,0.00,0.00,23430.17,23430.17,outside the killzone window
266,2025.04.03 08:50:00,2025.04.03 11:20:00,SKIP,XAUUSD,M5,61,FLAT,NA,DAY,0,0.00,0.00,0.00,0.00,1.00,0.00,0.00,0.00,0.00,0.00,0.00,0.00,0.00,0.00,0.00,0.00,0.00,0.00,3142.34,3142.42,3138.18,3142.99,3142.75,0.977,4.34,65.14,19.00,19.00,-5.31,-3.97,-1.34,3147.87,3126.54,778,536,0.0,100.0,13,1,CROSS=EMA9>EMA21;TREND=1;STRUCT=1;VOL=1;COOL=1;EMA50=1;VWAP=1;BIAS=1,0.00,0.00,23430.17,23430.17,outside the killzone window
267,2025.04.03 23:50:00,2025.04.04 02:20:00,SKIP,XAUUSD,M5,61,FLAT,NA,DAY,0,0.00,0.00,0.00,0.00,1.00,0.00,0.00,0.00,0.00,0.00,0.00,0.00,0.00,0.00,0.00,0.00,0.00,0.00,3108.23,3108.13,3112.46,3107.89,3107.96,-1.748,2.48,45.24,66.82,66.82,1.87,0.56,1.30,3119.18,3116.47,374,348,71.4,28.6,41,1,CROSS=EMA9>EMA21;TREND=1;STRUCT=1;VOL=1;COOL=1;EMA50=1;VWAP=1;BIAS=1,0.00,0.00,23430.17,23430.17,outside the killzone window
268,2025.04.04 05:45:00,2025.04.04 08:15:00,ENTRY,XAUUSD,M5,63,SELL,FULLTGT,DAY,0,3098.51,3106.46,3106.46,7.95,1.00,7.95,3090.56,3082.61,3074.66,3066.72,3058.77,0.14,0.14,0.14,3098.51,0.00,0.00,0.00,3109.89,3110.12,3112.01,3110.36,3110.36,-0.476,3.97,37.79,33.63,33.63,-3.09,-1.12,-1.97,3110.46,3098.51,806,509,14.3,85.7,13,1,CROSS=EMA9<EMA21;TREND=1;STRUCT=1;VOL=1;COOL=1;EMA50=1;VWAP=1;BIAS=1,0.00,0.00,23429.68,23427.86,KZ=ASIA; KZR=Asia L @ 3054.80 162 bars ago (low taken); DAY 12AM-4PM IST session: stop x1.00 of usual; no partials; full size to TP5; SL steps BE->TP1->TP2->TP3
269,2025.04.04 06:06:28,2025.04.04 08:36:28,TP1_REACHED,XAUUSD,M5,63,SELL,FULLTGT,DAY,0,3098.51,3106.46,3106.46,7.95,1.00,7.95,3090.56,3082.61,3074.66,3066.72,3058.77,0.14,0.00,0.14,3090.56,1.00,1.00,0.00,3107.91,3109.07,3111.40,3108.31,3109.29,-0.528,4.42,39.88,36.86,36.86,-4.17,-2.76,-1.41,3109.18,3098.08,609,530,14.3,85.7,13,1,CROSS=EMA9<EMA21;TREND=1;STRUCT=1;VOL=1;COOL=1;EMA50=1;VWAP=1;BIAS=1,1.00,-0.11,23429.68,23542.10,full target: no partial booked
270,2025.04.04 08:27:28,2025.04.04 10:57:28,EXIT_SL,XAUUSD,M5,63,SELL,FULLTGT,DAY,0,3098.51,3106.46,3106.46,7.95,1.00,7.95,3090.56,3082.61,3074.66,3066.72,3058.77,0.14,0.14,0.00,3106.55,0.00,-1.01,-113.54,3102.22,3104.71,3108.28,3102.14,3104.72,-1.252,2.85,30.64,58.18,58.18,0.82,0.42,0.40,3104.82,3104.18,399,461,57.1,28.6,12,1,CROSS=EMA9<EMA21;TREND=1;STRUCT=1;VOL=1;COOL=1;EMA50=1;VWAP=1;BIAS=1,1.43,-1.00,23316.63,23316.63,stopped at the initial SL (x1.00 of usual)
271,2025.04.04 14:15:00,2025.04.04 16:45:00,SKIP,XAUUSD,M5,63,FLAT,NA,EVENING,0,0.00,0.00,0.00,0.00,1.00,0.00,0.00,0.00,0.00,0.00,0.00,0.00,0.00,0.00,0.00,0.00,0.00,0.00,3100.93,3100.48,3103.41,3099.57,3099.80,-0.384,7.61,47.47,78.53,78.53,8.21,5.26,2.95,3101.09,3134.40,1302,932,100.0,0.0,11,1,CROSS=EMA9<EMA21;TREND=1;STRUCT=1;VOL=1;COOL=1;EMA50=1;VWAP=1;BIAS=1,0.00,0.00,23316.63,23316.63,outside the killzone window
272,2025.04.04 15:50:00,2025.04.04 18:20:00,SKIP,XAUUSD,M5,63,FLAT,NA,EVENING,0,0.00,0.00,0.00,0.00,1.00,0.00,0.00,0.00,0.00,0.00,0.00,0.00,0.00,0.00,0.00,0.00,0.00,0.00,3101.22,3101.29,3103.48,3102.12,3101.74,-0.199,11.02,48.85,35.47,35.47,-6.03,-2.57,-3.46,3101.71,3079.06,1314,1270,0.0,100.0,7,1,CROSS=EMA9<EMA21;TREND=1;STRUCT=1;VOL=1;COOL=1;EMA50=1;VWAP=1;BIAS=1,0.00,0.00,23316.63,23316.63,outside the killzone window
273,2025.04.07 01:00:00,2025.04.07 03:30:00,DAY_SUMMARY,XAUUSD,M5,63,FLAT,NA,DAY,0,0.00,0.00,0.00,0.00,1.00,0.00,0.00,0.00,0.00,0.00,0.00,0.00,0.00,0.00,0.00,0.00,-1.01,-113.54,3033.91,3042.99,3060.74,3033.77,3043.11,-7.879,2.25,18.85,59.62,59.62,2.41,2.85,-0.44,3074.46,3037.34,81,551,28.6,42.9,50,1,CROSS=EMA9<EMA21;TREND=1;STRUCT=1;VOL=1;COOL=1;EMA50=1;VWAP=1;BIAS=1,0.00,0.00,23316.63,23316.63,2025.04.04 trades=1 W=0 L=1 gross_profit=0.00 gross_loss=113.54 net=-113.54 PF=0.00
274,2025.04.07 01:00:00,2025.04.07 03:30:00,WEEK_SUMMARY,XAUUSD,M5,63,FLAT,NA,DAY,0,0.00,0.00,0.00,0.00,1.00,0.00,0.00,0.00,0.00,0.00,0.00,0.00,0.00,0.00,0.00,0.00,-1.01,-113.54,3033.91,3042.99,3060.74,3033.77,3043.11,-7.879,2.25,18.85,59.62,59.62,2.41,2.85,-0.44,3074.46,3037.34,81,551,28.6,42.9,50,1,CROSS=EMA9<EMA21;TREND=1;STRUCT=1;VOL=1;COOL=1;EMA50=1;VWAP=1;BIAS=1,0.00,0.00,23316.63,23316.63,days=1 trades=1 W=0 L=1 gross_profit=0.00 gross_loss=113.54 net=-113.54 PF=0.00 pips=-804.0
275,2025.04.07 08:05:00,2025.04.07 10:35:00,SKIP,XAUUSD,M5,63,FLAT,NA,DAY,0,0.00,0.00,0.00,0.00,1.00,0.00,0.00,0.00,0.00,0.00,0.00,0.00,0.00,0.00,0.00,0.00,0.00,0.00,3025.89,3025.82,3037.16,3025.65,3025.70,-2.396,4.73,23.89,54.69,54.69,1.13,0.27,0.86,3016.33,3031.81,692,506,71.4,14.3,11,1,CROSS=EMA9<EMA21;TREND=1;STRUCT=1;VOL=1;COOL=1;EMA50=1;VWAP=1;BIAS=1,0.00,0.00,23316.63,23316.63,outside the killzone window
276,2025.04.07 10:20:00,2025.04.07 12:50:00,SKIP,XAUUSD,M5,63,FLAT,NA,DAY,0,0.00,0.00,0.00,0.00,1.00,0.00,0.00,0.00,0.00,0.00,0.00,0.00,0.00,0.00,0.00,0.00,0.00,0.00,3026.70,3026.74,3035.11,3027.14,3026.96,-1.281,6.53,26.78,37.54,37.54,-3.22,-1.90,-1.32,3019.35,3015.78,1193,958,14.3,85.7,6,1,CROSS=EMA9<EMA21;TREND=1;STRUCT=1;VOL=1;COOL=1;EMA50=1;VWAP=1;BIAS=1,0.00,0.00,23316.63,23316.63,outside the killzone window
277,2025.04.07 12:10:00,2025.04.07 14:40:00,SKIP,XAUUSD,M5,63,FLAT,NA,DAY,0,0.00,0.00,0.00,0.00,1.00,0.00,0.00,0.00,0.00,0.00,0.00,0.00,0.00,0.00,0.00,0.00,0.00,0.00,3026.40,3026.38,3033.21,3026.27,3026.32,-1.391,4.91,20.17,54.07,54.07,1.69,0.63,1.06,3020.42,3029.67,862,978,71.4,0.0,5,1,CROSS=EMA9<EMA21;TREND=1;STRUCT=1;VOL=1;COOL=1;EMA50=1;VWAP=1;BIAS=1,0.00,0.00,23316.63,23316.63,outside the killzone window
278,2025.04.07 12:20:00,2025.04.07 14:50:00,SKIP,XAUUSD,M5,63,FLAT,NA,DAY,0,0.00,0.00,0.00,0.00,1.00,0.00,0.00,0.00,0.00,0.00,0.00,0.00,0.00,0.00,0.00,0.00,0.00,0.00,3026.23,3026.30,3033.03,3026.46,3026.41,-1.320,5.10,18.87,42.64,42.64,0.78,0.97,-0.19,3020.48,3020.62,693,926,14.3,57.1,12,1,CROSS=EMA9<EMA21;TREND=1;STRUCT=1;VOL=1;COOL=1;EMA50=1;VWAP=1;BIAS=1,0.00,0.00,23316.63,23316.63,outside the killzone window
279,2025.04.07 13:20:00,2025.04.07 15:50:00,SKIP,XAUUSD,M5,63,FLAT,NA,DAY,0,0.00,0.00,0.00,0.00,1.00,0.00,0.00,0.00,0.00,0.00,0.00,0.00,0.00,0.00,0.00,0.00,0.00,0.00,3026.41,3026.37,3032.30,3026.24,3026.28,-1.106,5.37,12.15,55.62,55.62,0.57,0.24,0.33,3020.98,3030.47,765,850,71.4,0.0,6,1,CROSS=EMA9<EMA21;TREND=1;STRUCT=1;VOL=1;COOL=1;EMA50=1;VWAP=1;BIAS=1,0.00,0.00,23316.63,23316.63,outside the killzone window
280,2025.04.07 16:40:00,2025.04.07 19:10:00,SKIP,XAUUSD,M5,63,FLAT,NA,EVENING,0,0.00,0.00,0.00,0.00,1.00,0.00,0.00,0.00,0.00,0.00,0.00,0.00,0.00,0.00,0.00,0.00,0.00,0.00,3028.24,3028.31,3031.70,3028.94,3028.66,-0.498,6.82,30.67,30.72,30.72,-3.33,-1.72,-1.61,3023.17,3010.99,1450,1128,0.0,100.0,8,1,CROSS=EMA9<EMA21;TREND=1;STRUCT=1;VOL=1;COOL=1;EMA50=1;VWAP=1;BIAS=1,0.00,0.00,23316.63,23316.63,outside the killzone window
281,2025.04.08 04:50:00,2025.04.08 07:20:00,ENTRY,XAUUSD,M5,65,BUY,FULLTGT,DAY,0,2998.11,2988.17,2988.17,9.94,1.00,9.94,3008.05,3017.99,3027.93,3037.87,3047.81,0.11,0.11,0.11,2998.11,0.00,0.00,0.00,2988.31,2988.26,2996.74,2987.91,2988.07,-1.706,4.97,25.83,63.23,63.23,3.73,3.14,0.59,2989.30,2998.04,585,719,85.7,0.0,7,1,CROSS=EMA9>EMA21;TREND=1;STRUCT=1;VOL=1;COOL=1;EMA50=1;VWAP=1;BIAS=1,0.00,0.00,23316.24,23315.47,KZ=ASIA; KZR=Asia L @ 2970.60 106 bars ago (low taken); DAY 12AM-4PM IST session: stop x1.00 of usual; no partials; full size to TP5; SL steps BE->TP1->TP2->TP3
282,2025.04.08 08:54:39,2025.04.08 11:24:39,TP1_REACHED,XAUUSD,M5,65,BUY,FULLTGT,DAY,0,2998.11,2988.17,2988.17,9.94,1.00,9.94,3008.05,3017.99,3027.93,3037.87,3047.81,0.11,0.00,0.11,3008.05,1.00,1.00,0.00,2998.11,2995.25,2997.80,2997.84,2995.06,-0.758,3.37,19.56,59.00,59.00,1.52,1.31,0.22,2994.44,3004.65,541,449,85.7,0.0,8,1,CROSS=EMA9>EMA21;TREND=1;STRUCT=1;VOL=1;COOL=1;EMA50=1;VWAP=1;BIAS=1,0.99,-0.73,23316.24,23426.13,full target: no partial booked
283,2025.04.08 14:56:37,2025.04.08 17:26:37,TP2_REACHED,XAUUSD,M5,65,BUY,FULLTGT,EVENING,0,2998.11,2988.17,2988.17,9.94,1.00,9.94,3008.05,3017.99,3027.93,3037.87,3047.81,0.11,0.00,0.11,3017.99,2.00,2.00,0.00,3007.88,3005.01,3002.99,3007.59,3004.81,0.652,3.10,37.54,62.37,62.37,1.64,1.56,0.07,3001.38,3015.04,841,544,100.0,0.0,8,1,CROSS=EMA9>EMA21;TREND=1;STRUCT=1;VOL=1;COOL=1;EMA50=1;VWAP=1;BIAS=1,2.00,-0.73,23316.24,23535.03,full target: no partial booked
284,2025.04.08 19:25:00,2025.04.08 21:55:00,SKIP,XAUUSD,M5,65,BUY,FULLTGT,EVENING,0,2998.11,2988.17,2988.17,9.94,1.00,9.94,3008.05,3017.99,3027.93,3037.87,3047.81,0.11,0.00,0.00,0.00,0.00,0.00,0.00,3006.87,3006.98,3005.33,3007.35,3007.22,0.448,3.68,32.11,32.61,32.61,-3.63,-2.37,-1.26,3004.64,2995.12,899,982,0.0,85.7,7,1,CROSS=EMA9>EMA21;TREND=1;STRUCT=1;VOL=1;COOL=1;EMA50=1;VWAP=1;BIAS=1,2.47,-0.73,23316.24,23283.35,outside the killzone window
285,2025.04.08 19:40:05,2025.04.08 22:10:05,EXIT_SL,XAUUSD,M5,65,BUY,FULLTGT,EVENING,0,2998.11,2988.17,2988.17,9.94,1.00,9.94,3008.05,3017.99,3027.93,3037.87,3047.81,0.11,0.11,0.00,2988.09,0.00,-1.01,-111.00,3005.10,3006.07,3004.92,3005.79,3006.43,0.300,3.83,40.82,25.63,25.63,-4.80,-3.35,-1.45,3004.38,2988.27,1116,970,0.0,100.0,7,1,CROSS=EMA9>EMA21;TREND=1;STRUCT=1;VOL=1;COOL=1;EMA50=1;VWAP=1;BIAS=1,2.47,-1.00,23205.63,23205.63,stopped at the initial SL (x1.00 of usual)
286,2025.04.09 01:00:00,2025.04.09 03:30:00,DAY_SUMMARY,XAUUSD,M5,65,FLAT,NA,DAY,0,0.00,0.00,0.00,0.00,1.00,0.00,0.00,0.00,0.00,0.00,0.00,0.00,0.00,0.00,0.00,0.00,-1.01,-111.00,2985.29,2990.95,2995.95,2985.42,2991.14,-1.984,2.52,17.15,48.65,48.65,-0.74,-1.08,0.34,2999.88,2981.96,156,514,14.3,57.1,13,1,CROSS=EMA9>EMA21;TREND=1;STRUCT=1;VOL=1;COOL=1;EMA50=1;VWAP=1;BIAS=1,0.00,0.00,23205.63,23205.63,2025.04.08 trades=1 W=0 L=1 gross_profit=0.00 gross_loss=111.00 net=-111.00 PF=0.00
287,2025.04.09 05:15:00,2025.04.09 07:45:00,SKIP,XAUUSD,M5,65,FLAT,NA,DAY,0,0.00,0.00,0.00,0.00,1.00,0.00,0.00,0.00,0.00,0.00,0.00,0.00,0.00,0.00,0.00,0.00,0.00,0.00,2988.37,2988.25,2991.89,2987.58,2987.86,-0.608,5.99,54.37,71.87,71.87,7.26,5.11,2.15,2986.34,3007.68,701,997,85.7,0.0,7,1,CROSS=EMA9>EMA21;TREND=1;STRUCT=1;VOL=1;COOL=1;EMA50=1;VWAP=1;BIAS=1,0.00,0.00,23205.63,23205.63,already positioned that way
288,2025.04.14 01:00:00,2025.04.14 03:30:00,WEEK_SUMMARY,XAUUSD,M5,65,FLAT,NA,DAY,0,0.00,0.00,0.00,0.00,1.00,0.00,0.00,0.00,0.00,0.00,0.00,0.00,0.00,0.00,0.00,0.00,-1.01,-111.00,3233.49,3230.87,3221.33,3233.33,3230.74,4.308,2.22,21.11,59.49,59.49,1.13,0.75,0.37,3218.40,3237.53,94,344,71.4,0.0,11,1,CROSS=EMA9>EMA21;TREND=1;STRUCT=1;VOL=1;COOL=1;EMA50=1;VWAP=1;BIAS=1,0.00,0.00,23205.63,23205.63,days=1 trades=1 W=0 L=1 gross_profit=0.00 gross_loss=111.00 net=-111.00 PF=0.00 pips=-1002.0
289,2025.04.14 02:00:00,2025.04.14 04:30:00,ENTRY,XAUUSD,M5,67,SELL,FULLTGT,DAY,0,3221.09,3232.19,3232.19,11.10,1.00,11.10,3209.99,3198.89,3187.79,3176.70,3165.60,0.10,0.10,0.10,3221.09,0.00,0.00,0.00,3228.70,3228.75,3221.28,3229.01,3228.90,1.346,5.55,11.80,36.90,36.90,-3.26,-3.28,0.02,3220.55,3221.07,407,368,28.6,57.1,10,1,CROSS=EMA9<EMA21;TREND=1;STRUCT=1;VOL=1;COOL=1;EMA50=1;VWAP=1;BIAS=1,0.00,0.00,23205.28,23204.28,KZ=ASIA; KZR=Asia H @ 3220.14 751 bars ago (high taken); DAY 12AM-4PM IST session: stop x1.00 of usual; no partials; full size to TP5; SL steps BE->TP1->TP2->TP3
290,2025.04.14 04:28:39,2025.04.14 06:58:39,EXIT_SL,XAUUSD,M5,67,SELL,FULLTGT,DAY,0,3221.09,3232.19,3232.19,11.10,1.00,11.10,3209.99,3198.89,3187.79,3176.70,3165.60,0.10,0.10,0.00,3232.22,0.00,-1.00,-112.00,3223.86,3225.57,3221.33,3223.70,3225.53,1.096,3.87,20.56,60.43,60.43,-0.28,-0.58,0.30,3221.10,3227.65,1019,605,71.4,14.3,9,1,CROSS=EMA9<EMA21;TREND=1;STRUCT=1;VOL=1;COOL=1;EMA50=1;VWAP=1;BIAS=1,0.51,-1.00,23093.63,23093.63,stopped at the initial SL (x1.00 of usual)
291,2025.04.14 05:00:00,2025.04.14 07:30:00,ENTRY,XAUUSD,M5,69,BUY,FULLTGT,DAY,0,3239.82,3229.67,3229.67,10.15,1.00,10.15,3249.97,3260.13,3270.28,3280.43,3290.58,0.11,0.11,0.11,3239.82,0.00,0.00,0.00,3227.30,3227.17,3222.44,3226.79,3226.92,0.933,5.08,42.14,71.27,71.27,4.60,2.04,2.56,3224.85,3239.75,795,761,85.7,14.3,7,1,CROSS=EMA9>EMA21;TREND=1;STRUCT=1;VOL=1;COOL=1;EMA50=1;VWAP=1;BIAS=1,0.00,0.00,23093.24,23092.47,KZ=ASIA; KZR=Asia H @ 3220.14 787 bars ago (high taken); DAY 12AM-4PM IST session: stop x1.00 of usual; no partials; full size to TP5; SL steps BE->TP1->TP2->TP3
292,2025.04.14 05:35:42,2025.04.14 08:05:42,EXIT_SL,XAUUSD,M5,69,BUY,FULLTGT,DAY,0,3239.82,3229.67,3229.67,10.15,1.00,10.15,3249.97,3260.13,3270.28,3280.43,3290.58,0.11,0.11,0.00,3229.67,0.00,-1.00,-112.43,3230.02,3228.67,3223.54,3229.92,3228.59,1.109,4.63,38.94,50.00,50.00,3.43,4.70,-1.27,3227.04,3232.55,910,871,42.9,57.1,10,1,CROSS=EMA9>EMA21;TREND=1;STRUCT=1;VOL=1;COOL=1;EMA50=1;VWAP=1;BIAS=1,0.59,-0.99,22981.20,22981.20,stopped at the initial SL (x1.00 of usual)
293,2025.04.14 11:10:00,2025.04.14 13:40:00,SKIP,XAUUSD,M5,69,FLAT,NA,DAY,0,0.00,0.00,0.00,0.00,1.00,0.00,0.00,0.00,0.00,0.00,0.00,0.00,0.00,0.00,0.00,0.00,0.00,0.00,3229.66,3229.70,3226.84,3230.05,3229.89,0.854,3.35,22.39,31.86,31.86,-1.69,-0.39,-1.30,3228.85,3220.31,955,748,0.0,85.7,12,1,CROSS=EMA9>EMA21;TREND=1;STRUCT=1;VOL=1;COOL=1;EMA50=1;VWAP=1;BIAS=1,0.00,0.00,22981.20,22981.20,outside the killzone window
294,2025.04.15 01:00:00,2025.04.15 03:30:00,DAY_SUMMARY,XAUUSD,M5,69,FLAT,NA,DAY,0,0.00,0.00,0.00,0.00,1.00,0.00,0.00,0.00,0.00,0.00,0.00,0.00,0.00,0.00,0.00,0.00,-2.00,-224.43,3210.13,3210.98,3214.22,3210.12,3210.99,-1.839,1.76,15.38,49.39,49.39,0.29,0.51,-0.22,3218.28,3210.46,91,263,0.0,71.4,11,1,CROSS=EMA9>EMA21;TREND=1;STRUCT=1;VOL=1;COOL=1;EMA50=1;VWAP=1;BIAS=1,0.00,0.00,22981.20,22981.20,2025.04.14 trades=2 W=0 L=2 gross_profit=0.00 gross_loss=224.43 net=-224.43 PF=0.00
295,2025.04.15 02:50:00,2025.04.15 05:20:00,SKIP,XAUUSD,M5,69,FLAT,NA,DAY,0,0.00,0.00,0.00,0.00,1.00,0.00,0.00,0.00,0.00,0.00,0.00,0.00,0.00,0.00,0.00,0.00,0.00,0.00,3211.54,3211.53,3213.89,3211.44,3211.48,-1.880,1.25,21.22,59.40,59.40,0.36,0.29,0.07,3212.60,3214.04,393,145,85.7,0.0,12,1,CROSS=EMA9>EMA21;TREND=1;STRUCT=1;VOL=1;COOL=1;EMA50=1;VWAP=1;BIAS=1,0.00,0.00,22981.20,22981.20,already positioned that way
296,2025.04.15 14:55:00,2025.04.15 17:25:00,SKIP,XAUUSD,M5,69,FLAT,NA,EVENING,0,0.00,0.00,0.00,0.00,1.00,0.00,0.00,0.00,0.00,0.00,0.00,0.00,0.00,0.00,0.00,0.00,0.00,0.00,3223.37,3223.38,3221.65,3223.58,3223.49,0.740,2.34,63.58,35.06,35.06,-1.76,-1.35,-0.41,3223.10,3218.20,576,452,14.3,85.7,7,1,CROSS=EMA9>EMA21;TREND=1;STRUCT=1;VOL=1;COOL=1;EMA50=1;VWAP=1;BIAS=1,0.00,0.00,22981.20,22981.20,outside the killzone window
297,2025.04.15 20:45:00,2025.04.15 23:15:00,SKIP,XAUUSD,M5,69,FLAT,NA,EVENING,0,0.00,0.00,0.00,0.00,1.00,0.00,0.00,0.00,0.00,0.00,0.00,0.00,0.00,0.00,0.00,0.00,0.00,0.00,3222.09,3222.04,3221.53,3221.81,3221.90,0.298,1.72,32.47,69.66,69.66,1.23,0.40,0.83,3222.21,3228.80,478,383,100.0,0.0,12,1,CROSS=EMA9>EMA21;TREND=1;STRUCT=1;VOL=1;COOL=1;EMA50=1;VWAP=1;BIAS=1,0.00,0.00,22981.20,22981.20,outside the killzone window
298,2025.04.17 09:10:00,2025.04.17 11:40:00,SKIP,XAUUSD,M5,69,FLAT,NA,DAY,0,0.00,0.00,0.00,0.00,1.00,0.00,0.00,0.00,0.00,0.00,0.00,0.00,0.00,0.00,0.00,0.00,0.00,0.00,3337.95,3337.99,3329.58,3338.29,3338.16,2.398,3.51,46.41,36.29,36.29,-2.87,-1.67,-1.20,3340.53,3329.57,978,559,14.3,85.7,8,1,CROSS=EMA9>EMA21;TREND=1;STRUCT=1;VOL=1;COOL=1;EMA50=1;VWAP=1;BIAS=1,0.00,0.00,22981.20,22981.20,outside the killzone window
299,2025.04.17 23:30:00,2025.04.18 02:00:00,SKIP,XAUUSD,M5,69,FLAT,NA,DAY,0,0.00,0.00,0.00,0.00,1.00,0.00,0.00,0.00,0.00,0.00,0.00,0.00,0.00,0.00,0.00,0.00,0.00,0.00,3317.08,3317.01,3319.23,3316.76,3316.85,-0.879,2.53,35.17,67.74,67.74,1.98,1.36,0.62,3324.72,3324.85,195,327,85.7,0.0,5,1,CROSS=EMA9>EMA21;TREND=1;STRUCT=1;VOL=1;COOL=1;EMA50=1;VWAP=1;BIAS=1,0.00,0.00,22981.20,22981.20,outside the killzone window
300,2025.04.21 01:00:00,2025.04.21 03:30:00,WEEK_SUMMARY,XAUUSD,M5,69,FLAT,NA,DAY,0,0.00,0.00,0.00,0.00,1.00,0.00,0.00,0.00,0.00,0.00,0.00,0.00,0.00,0.00,0.00,0.00,-2.00,-224.43,3319.20,3318.14,3319.68,3318.87,3317.95,-0.771,2.00,57.98,69.09,69.09,2.91,2.34,0.57,3324.73,3327.24,198,278,85.7,0.0,16,1,CROSS=EMA9>EMA21;TREND=1;STRUCT=1;VOL=1;COOL=1;EMA50=1;VWAP=1;BIAS=1,0.00,0.00,22981.20,22981.20,days=1 trades=2 W=0 L=2 gross_profit=0.00 gross_loss=224.43 net=-224.43 PF=0.00 pips=-2128.0
301,2025.04.22 13:55:00,2025.04.22 16:25:00,SKIP,XAUUSD,M5,69,FLAT,NA,EVENING,0,0.00,0.00,0.00,0.00,1.00,0.00,0.00,0.00,0.00,0.00,0.00,0.00,0.00,0.00,0.00,0.00,0.00,0.00,3462.05,3462.17,3450.78,3462.33,3462.31,2.225,5.12,19.50,45.10,45.10,-1.25,-0.94,-0.31,3461.23,3455.40,709,759,0.0,71.4,5,1,CROSS=EMA9>EMA21;TREND=1;STRUCT=1;VOL=1;COOL=1;EMA50=1;VWAP=1;BIAS=1,0.00,0.00,22981.20,22981.20,outside the killzone window
302,2025.04.24 02:05:00,2025.04.24 04:35:00,SKIP,XAUUSD,M5,69,FLAT,NA,DAY,0,0.00,0.00,0.00,0.00,1.00,0.00,0.00,0.00,0.00,0.00,0.00,0.00,0.00,0.00,0.00,0.00,0.00,0.00,3298.14,3297.96,3309.88,3297.63,3297.70,-2.584,4.61,24.16,64.07,64.07,5.39,5.74,-0.35,3309.23,3310.75,302,372,57.1,14.3,10,1,CROSS=EMA9>EMA21;TREND=1;STRUCT=1;VOL=1;COOL=1;EMA50=1;VWAP=1;BIAS=1,0.00,0.00,22981.20,22981.20,already positioned that way
303,2025.04.24 17:05:00,2025.04.24 19:35:00,SKIP,XAUUSD,M5,69,FLAT,NA,EVENING,0,0.00,0.00,0.00,0.00,1.00,0.00,0.00,0.00,0.00,0.00,0.00,0.00,0.00,0.00,0.00,0.00,0.00,0.00,3330.63,3330.97,3328.59,3331.39,3331.35,0.391,6.09,43.66,25.89,25.89,-5.85,-3.47,-2.38,3333.01,3312.14,1207,997,0.0,100.0,12,1,CROSS=EMA9>EMA21;TREND=1;STRUCT=1;VOL=1;COOL=1;EMA50=1;VWAP=1;BIAS=1,0.00,0.00,22981.20,22981.20,outside the killzone window
304,2025.04.24 20:30:00,2025.04.24 23:00:00,SKIP,XAUUSD,M5,69,FLAT,NA,EVENING,0,0.00,0.00,0.00,0.00,1.00,0.00,0.00,0.00,0.00,0.00,0.00,0.00,0.00,0.00,0.00,0.00,0.00,0.00,3329.16,3329.15,3328.10,3328.85,3329.00,0.323,3.26,40.29,61.71,61.71,2.30,1.54,0.76,3331.37,3336.80,889,674,100.0,0.0,11,1,CROSS=EMA9>EMA21;TREND=1;STRUCT=1;VOL=1;COOL=1;EMA50=1;VWAP=1;BIAS=1,0.00,0.00,22981.20,22981.20,outside the killzone window
305,2025.04.25 07:15:00,2025.04.25 09:45:00,SKIP,XAUUSD,M5,69,FLAT,NA,DAY,0,0.00,0.00,0.00,0.00,1.00,0.00,0.00,0.00,0.00,0.00,0.00,0.00,0.00,0.00,0.00,0.00,0.00,0.00,3344.94,3345.31,3341.34,3345.89,3345.79,0.769,5.17,45.40,20.05,20.05,-6.80,-3.27,-3.53,3349.96,3321.68,811,648,0.0,100.0,8,1,CROSS=EMA9>EMA21;TREND=1;STRUCT=1;VOL=1;COOL=1;EMA50=1;VWAP=1;BIAS=1,0.00,0.00,22981.20,22981.20,outside the killzone window
306,2025.04.25 22:55:00,2025.04.26 01:25:00,SKIP,XAUUSD,M5,69,FLAT,NA,DAY,0,0.00,0.00,0.00,0.00,1.00,0.00,0.00,0.00,0.00,0.00,0.00,0.00,0.00,0.00,0.00,0.00,0.00,0.00,3292.01,3292.00,3299.51,3291.39,3291.70,-2.335,3.21,49.65,74.80,74.80,4.37,2.10,2.27,3307.19,3307.22,726,389,85.7,14.3,12,1,CROSS=EMA9>EMA21;TREND=1;STRUCT=1;VOL=1;COOL=1;EMA50=1;VWAP=1;BIAS=1,0.00,0.00,22981.20,22981.20,outside the killzone window
307,2025.04.28 05:10:00,2025.04.28 07:40:00,ENTRY,XAUUSD,M5,71,SELL,FULLTGT,DAY,0,3272.81,3287.12,3287.12,14.31,1.00,14.31,3258.50,3244.20,3229.89,3215.59,3201.28,0.08,0.08,0.08,3272.81,0.00,0.00,0.00,3299.98,3300.43,3302.19,3301.09,3300.99,-0.246,7.15,46.20,19.62,19.62,-8.26,-5.57,-2.69,3303.02,3272.81,968,774,0.0,100.0,9,1,CROSS=EMA9<EMA21;TREND=1;STRUCT=1;VOL=1;COOL=1;EMA50=1;VWAP=1;BIAS=1,0.00,0.00,22980.92,22980.20,KZ=ASIA; KZR=Asia L @ 3313.46 1011 bars ago (low taken); DAY 12AM-4PM IST session: stop x1.00 of usual; no partials; full size to TP5; SL steps BE->TP1->TP2->TP3
308,2025.04.28 06:15:38,2025.04.28 08:45:38,EXIT_SL,XAUUSD,M5,71,SELL,FULLTGT,DAY,0,3272.81,3287.12,3287.12,14.31,1.00,14.31,3258.50,3244.20,3229.89,3215.59,3201.28,0.08,0.08,0.00,3287.23,0.00,-1.01,-115.92,3291.82,3295.66,3299.41,3292.18,3295.91,-0.809,4.65,23.91,44.44,44.44,-3.81,-6.09,2.28,3298.05,3283.14,522,671,14.3,57.1,13,1,CROSS=EMA9<EMA21;TREND=1;STRUCT=1;VOL=1;COOL=1;EMA50=1;VWAP=1;BIAS=1,0.33,-1.00,22865.28,22865.28,stopped at the initial SL (x1.00 of usual)
309,2025.04.28 15:30:00,2025.04.28 18:00:00,SKIP,XAUUSD,M5,71,FLAT,NA,EVENING,0,0.00,0.00,0.00,0.00,1.00,0.00,0.00,0.00,0.00,0.00,0.00,0.00,0.00,0.00,0.00,0.00,0.00,0.00,3289.40,3289.23,3292.07,3288.88,3288.97,-0.853,3.32,42.48,77.32,77.32,3.58,2.86,0.72,3291.65,3302.13,894,676,100.0,0.0,10,1,CROSS=EMA9<EMA21;TREND=1;STRUCT=1;VOL=1;COOL=1;EMA50=1;VWAP=1;BIAS=1,0.00,0.00,22865.28,22865.28,outside the killzone window
310,2025.04.29 01:00:00,2025.04.29 03:30:00,DAY_SUMMARY,XAUUSD,M5,71,FLAT,NA,DAY,0,0.00,0.00,0.00,0.00,1.00,0.00,0.00,0.00,0.00,0.00,0.00,0.00,0.00,0.00,0.00,0.00,-1.01,-115.92,3342.86,3332.14,3319.19,3342.82,3331.90,6.047,2.14,33.88,40.23,40.23,-0.16,1.29,-1.45,3304.66,3343.99,139,285,42.9,42.9,11,1,CROSS=EMA9<EMA21;TREND=1;STRUCT=1;VOL=1;COOL=1;EMA50=1;VWAP=1;BIAS=1,0.00,0.00,22865.28,22865.28,2025.04.28 trades=1 W=0 L=1 gross_profit=0.00 gross_loss=115.92 net=-115.92 PF=0.00
311,2025.04.29 06:00:00,2025.04.29 08:30:00,SKIP,XAUUSD,M5,71,FLAT,NA,DAY,0,0.00,0.00,0.00,0.00,1.00,0.00,0.00,0.00,0.00,0.00,0.00,0.00,0.00,0.00,0.00,0.00,0.00,0.00,3332.11,3332.18,3325.35,3332.58,3332.41,1.558,4.38,18.22,34.93,34.93,-1.89,-1.24,-0.64,3332.47,3320.68,825,585,0.0,85.7,10,1,CROSS=EMA9<EMA21;TREND=1;STRUCT=1;VOL=1;COOL=1;EMA50=1;VWAP=1;BIAS=1,0.00,0.00,22865.28,22865.28,already positioned that way
312,2025.04.29 19:50:00,2025.04.29 22:20:00,SKIP,XAUUSD,M5,71,FLAT,NA,EVENING,0,0.00,0.00,0.00,0.00,1.00,0.00,0.00,0.00,0.00,0.00,0.00,0.00,0.00,0.00,0.00,0.00,0.00,0.00,3314.45,3314.39,3315.91,3313.92,3314.13,-0.411,3.70,43.29,70.51,70.51,3.18,1.46,1.72,3317.30,3327.44,675,665,100.0,0.0,9,1,CROSS=EMA9<EMA21;TREND=1;STRUCT=1;VOL=1;COOL=1;EMA50=1;VWAP=1;BIAS=1,0.00,0.00,22865.28,22865.28,outside the killzone window
313,2025.04.30 03:55:00,2025.04.30 06:25:00,SKIP,XAUUSD,M5,71,FLAT,NA,DAY,0,0.00,0.00,0.00,0.00,1.00,0.00,0.00,0.00,0.00,0.00,0.00,0.00,0.00,0.00,0.00,0.00,0.00,0.00,3318.05,3318.06,3317.87,3318.25,3318.16,0.061,3.11,29.65,38.57,38.57,-0.88,0.24,-1.13,3317.93,3313.11,506,342,14.3,85.7,7,1,CROSS=EMA9<EMA21;TREND=1;STRUCT=1;VOL=1;COOL=1;EMA50=1;VWAP=1;BIAS=1,0.00,0.00,22865.28,22865.28,already positioned that way
314,2025.04.30 17:10:00,2025.04.30 19:40:00,SKIP,XAUUSD,M5,71,FLAT,NA,EVENING,0,0.00,0.00,0.00,0.00,1.00,0.00,0.00,0.00,0.00,0.00,0.00,0.00,0.00,0.00,0.00,0.00,0.00,0.00,3295.23,3295.09,3300.25,3294.71,3294.83,-0.718,7.19,31.56,58.26,58.26,6.64,7.63,-0.99,3300.42,3307.76,1344,1151,85.7,14.3,5,1,CROSS=EMA9<EMA21;TREND=1;STRUCT=1;VOL=1;COOL=1;EMA50=1;VWAP=1;BIAS=1,0.00,0.00,22865.28,22865.28,outside the killzone window
315,2025.04.30 23:20:00,2025.05.01 01:50:00,SKIP,XAUUSD,M5,71,FLAT,NA,DAY,0,0.00,0.00,0.00,0.00,1.00,0.00,0.00,0.00,0.00,0.00,0.00,0.00,0.00,0.00,0.00,0.00,0.00,0.00,3301.37,3301.47,3302.27,3301.67,3301.62,-0.273,2.96,35.30,34.50,34.50,-2.96,-2.86,-0.10,3301.90,3293.86,271,416,0.0,85.7,7,1,CROSS=EMA9<EMA21;TREND=1;STRUCT=1;VOL=1;COOL=1;EMA50=1;VWAP=1;BIAS=1,0.00,0.00,22865.28,22865.28,outside the killzone window
316,2025.05.01 01:00:00,2025.05.01 03:30:00,MONTH_SUMMARY,XAUUSD,M5,71,FLAT,NA,DAY,0,0.00,0.00,0.00,0.00,1.00,0.00,0.00,0.00,0.00,0.00,0.00,0.00,0.00,0.00,0.00,0.00,-5.03,-564.89,3298.11,3299.70,3301.29,3298.51,3299.93,-0.502,3.18,40.61,32.78,32.78,-3.58,-3.43,-0.15,3301.67,3288.27,240,433,0.0,85.7,11,1,CROSS=EMA9<EMA21;TREND=1;STRUCT=1;VOL=1;COOL=1;EMA50=1;VWAP=1;BIAS=1,0.00,0.00,22865.28,22865.28,days=4 trades=5 W=0 L=5 gross_profit=0.00 gross_loss=564.89 net=-564.89 PF=0.00 pips=-5376.0
317,2025.05.01 23:10:00,2025.05.02 01:40:00,SKIP,XAUUSD,M5,71,FLAT,NA,DAY,0,0.00,0.00,0.00,0.00,1.00,0.00,0.00,0.00,0.00,0.00,0.00,0.00,0.00,0.00,0.00,0.00,0.00,0.00,3222.13,3222.08,3229.76,3221.72,3221.88,-3.130,2.45,40.80,70.18,70.18,3.01,2.65,0.35,3230.25,3232.24,376,431,85.7,0.0,8,1,CROSS=EMA9<EMA21;TREND=1;STRUCT=1;VOL=1;COOL=1;EMA50=1;VWAP=1;BIAS=1,0.00,0.00,22865.28,22865.28,outside the killzone window
318,2025.05.02 17:20:00,2025.05.02 19:50:00,SKIP,XAUUSD,M5,71,FLAT,NA,EVENING,0,0.00,0.00,0.00,0.00,1.00,0.00,0.00,0.00,0.00,0.00,0.00,0.00,0.00,0.00,0.00,0.00,0.00,0.00,3255.18,3255.19,3251.08,3255.21,3255.20,0.553,7.44,24.76,52.05,52.05,-2.20,-2.63,0.42,3251.87,3254.69,1194,1226,57.1,14.3,5,1,CROSS=EMA9<EMA21;TREND=1;STRUCT=1;VOL=1;COOL=1;EMA50=1;VWAP=1;BIAS=1,0.00,0.00,22865.28,22865.28,outside the killzone window
319,2025.05.02 17:25:00,2025.05.02 19:55:00,SKIP,XAUUSD,M5,71,FLAT,NA,EVENING,0,0.00,0.00,0.00,0.00,1.00,0.00,0.00,0.00,0.00,0.00,0.00,0.00,0.00,0.00,0.00,0.00,0.00,0.00,3255.24,3255.22,3251.13,3255.18,3255.19,0.553,7.38,24.50,54.01,54.01,-1.57,-2.53,0.96,3251.90,3256.50,1174,1217,71.4,0.0,5,1,CROSS=EMA9<EMA21;TREND=1;STRUCT=1;VOL=1;COOL=1;EMA50=1;VWAP=1;BIAS=1,0.00,0.00,22865.28,22865.28,outside the killzone window
320,2025.05.02 17:30:00,2025.05.02 20:00:00,SKIP,XAUUSD,M5,71,FLAT,NA,EVENING,0,0.00,0.00,0.00,0.00,1.00,0.00,0.00,0.00,0.00,0.00,0.00,0.00,0.00,0.00,0.00,0.00,0.00,0.00,3255.16,3255.18,3251.16,3255.24,3255.22,0.549,7.33,25.32,50.17,50.17,-1.31,-2.42,1.12,3251.93,3253.35,1103,1210,57.1,28.6,5,1,CROSS=EMA9<EMA21;TREND=1;STRUCT=1;VOL=1;COOL=1;EMA50=1;VWAP=1;BIAS=1,0.00,0.00,22865.28,22865.28,outside the killzone window
321,2025.05.02 17:35:00,2025.05.02 20:05:00,SKIP,XAUUSD,M5,71,FLAT,NA,EVENING,0,0.00,0.00,0.00,0.00,1.00,0.00,0.00,0.00,0.00,0.00,0.00,0.00,0.00,0.00,0.00,0.00,0.00,0.00,3255.27,3255.24,3251.22,3255.16,3255.18,0.568,7.07,26.62,55.25,55.25,-0.71,-2.23,1.52,3251.97,3258.02,1116,1209,85.7,0.0,5,1,CROSS=EMA9<EMA21;TREND=1;STRUCT=1;VOL=1;COOL=1;EMA50=1;VWAP=1;BIAS=1,0.00,0.00,22865.28,22865.28,outside the killzone window
322,2025.05.02 18:40:00,2025.05.02 21:10:00,SKIP,XAUUSD,M5,71,FLAT,NA,EVENING,0,0.00,0.00,0.00,0.00,1.00,0.00,0.00,0.00,0.00,0.00,0.00,0.00,0.00,0.00,0.00,0.00,0.00,0.00,3254.97,3255.17,3251.70,3255.75,3255.56,0.638,5.44,34.20,31.02,31.02,-2.00,0.88,-2.88,3252.29,3235.97,1121,1031,0.0,100.0,9,1,CROSS=EMA9<EMA21;TREND=1;STRUCT=1;VOL=1;COOL=1;EMA50=1;VWAP=1;BIAS=1,0.00,0.00,22865.28,22865.28,outside the killzone window
323,2025.05.05 03:05:00,2025.05.05 05:35:00,ENTRY,XAUUSD,M5,73,BUY,FULLTGT,DAY,0,3246.64,3241.03,3241.03,5.61,1.00,5.61,3252.25,3257.87,3263.48,3269.09,3274.70,0.20,0.20,0.20,3246.64,0.00,0.00,0.00,3241.05,3240.94,3242.83,3240.82,3240.83,-0.671,2.81,54.71,60.00,60.00,2.80,2.51,0.29,3244.12,3246.68,552,381,85.7,14.3,9,1,CROSS=EMA9>EMA21;TREND=1;STRUCT=1;VOL=1;COOL=1;EMA50=1;VWAP=1;BIAS=1,0.00,0.00,22864.58,22862.78,KZ=ASIA; KZR=Asia L @ 3227.46 672 bars ago (low taken); DAY 12AM-4PM IST session: stop x1.00 of usual; no partials; full size to TP5; SL steps BE->TP1->TP2->TP3
324,2025.05.05 04:04:15,2025.05.05 06:34:15,TP1_REACHED,XAUUSD,M5,73,BUY,FULLTGT,DAY,0,3246.64,3241.03,3241.03,5.61,1.00,5.61,3252.25,3257.87,3263.48,3269.09,3274.70,0.20,0.00,0.20,3252.25,1.00,1.00,0.00,3242.72,3241.89,3243.13,3242.55,3241.79,-0.416,2.98,20.20,56.34,56.34,1.09,1.40,-0.32,3244.52,3246.75,398,408,57.1,14.3,12,1,CROSS=EMA9>EMA21;TREND=1;STRUCT=1;VOL=1;COOL=1;EMA50=1;VWAP=1;BIAS=1,1.00,-0.99,22864.58,22977.18,full target: no partial booked
325,2025.05.05 04:12:29,2025.05.05 06:42:29,TP2_REACHED,XAUUSD,M5,73,BUY,FULLTGT,DAY,0,3246.64,3241.03,3241.03,5.61,1.00,5.61,3252.25,3257.87,3263.48,3269.09,3274.70,0.20,0.00,0.20,3257.87,2.00,2.00,0.00,3243.63,3242.38,3243.35,3243.13,3242.11,-0.315,3.08,23.63,72.81,72.81,2.16,1.37,0.79,3245.34,3255.83,694,452,85.7,0.0,10,1,CROSS=EMA9>EMA21;TREND=1;STRUCT=1;VOL=1;COOL=1;EMA50=1;VWAP=1;BIAS=1,2.00,-0.99,22864.58,23089.38,full target: no partial booked
326,2025.05.05 04:21:30,2025.05.05 06:51:30,TP3_REACHED,XAUUSD,M5,73,BUY,FULLTGT,DAY,0,3246.64,3241.03,3241.03,5.61,1.00,5.61,3252.25,3257.87,3263.48,3269.09,3274.70,0.20,0.00,0.20,3263.48,3.00,3.00,0.00,3244.90,3243.08,3243.68,3244.24,3242.71,-0.190,3.19,32.62,78.34,78.34,3.52,1.72,1.80,3246.49,3261.09,710,471,100.0,0.0,7,1,CROSS=EMA9>EMA21;TREND=1;STRUCT=1;VOL=1;COOL=1;EMA50=1;VWAP=1;BIAS=1,2.99,-0.99,22864.58,23201.58,full target: no partial booked
327,2025.05.05 04:31:37,2025.05.05 07:01:37,TP4_REACHED,XAUUSD,M5,73,BUY,FULLTGT,DAY,0,3246.64,3241.03,3241.03,5.61,1.00,5.61,3252.25,3257.87,3263.48,3269.09,3274.70,0.20,0.00,0.20,3269.09,4.00,4.00,0.00,3246.42,3243.93,3244.10,3245.66,3243.50,-0.051,3.40,42.54,81.65,81.65,4.86,2.49,2.36,3247.93,3265.17,619,506,100.0,0.0,7,1,CROSS=EMA9>EMA21;TREND=1;STRUCT=1;VOL=1;COOL=1;EMA50=1;VWAP=1;BIAS=1,3.99,-0.99,22864.58,23314.58,full target: no partial booked
328,2025.05.05 11:43:16,2025.05.05 14:13:16,TP5_EXIT,XAUUSD,M5,73,BUY,FULLTGT,DAY,0,3246.64,3241.03,3241.03,5.61,1.00,5.61,3252.25,3257.87,3263.48,3269.09,3274.70,0.20,0.20,0.00,3274.74,5.00,5.00,0.00,3262.80,3259.05,3254.44,3262.38,3258.77,1.536,3.00,38.54,71.96,71.96,2.74,1.79,0.95,3258.51,3273.12,671,620,100.0,0.0,5,1,CROSS=EMA9>EMA21;TREND=1;STRUCT=1;VOL=1;COOL=1;EMA50=1;VWAP=1;BIAS=1,4.99,-0.99,23425.88,23425.88,full target reached; closed in full
329,2025.05.05 11:43:16,2025.05.05 14:13:16,EXIT_TP,XAUUSD,M5,73,BUY,FULLTGT,DAY,0,3246.64,3241.03,3241.03,5.61,1.00,5.61,3252.25,3257.87,3263.48,3269.09,3274.70,0.20,0.20,0.00,3274.74,0.00,5.01,560.60,3262.80,3259.05,3254.44,3262.38,3258.77,1.536,3.00,38.54,71.96,71.96,2.74,1.79,0.95,3258.51,3273.12,671,620,100.0,0.0,5,1,CROSS=EMA9>EMA21;TREND=1;STRUCT=1;VOL=1;COOL=1;EMA50=1;VWAP=1;BIAS=1,4.99,-0.99,23425.88,23425.88,TP5 exit
330,2025.05.06 01:00:00,2025.05.06 03:30:00,DAY_SUMMARY,XAUUSD,M5,73,FLAT,NA,DAY,0,0.00,0.00,0.00,0.00,1.00,0.00,0.00,0.00,0.00,0.00,0.00,0.00,0.00,0.00,0.00,0.00,5.01,560.60,3325.49,3318.18,3303.98,3325.14,3317.87,5.963,2.38,21.45,63.24,63.24,2.47,2.87,-0.40,3293.24,3333.96,239,461,57.1,14.3,11,1,CROSS=EMA9>EMA21;TREND=1;STRUCT=1;VOL=1;COOL=1;EMA50=1;VWAP=1;BIAS=1,0.00,0.00,23425.88,23425.88,2025.05.05 trades=1 W=1 L=0 gross_profit=560.60 gross_loss=0.00 net=560.60 PF=0.00
331,2025.05.07 03:20:00,2025.05.07 05:50:00,ENTRY,XAUUSD,M5,75,SELL,FULLTGT,DAY,0,3387.51,3398.94,3398.94,11.43,1.00,11.43,3376.08,3364.64,3353.21,3341.78,3330.35,0.10,0.10,0.10,3387.51,0.00,0.00,0.00,3402.15,3402.17,3391.78,3402.75,3402.46,1.818,5.72,17.76,38.21,38.21,-3.51,-4.26,0.75,3397.00,3387.55,966,709,14.3,71.4,9,1,CROSS=EMA9<EMA21;TREND=1;STRUCT=1;VOL=1;COOL=1;EMA50=1;VWAP=1;BIAS=1,0.00,0.00,23425.53,23424.63,KZ=ASIA; KZR=Asia H @ 3386.96 140 bars ago (high taken); DAY 12AM-4PM IST session: stop x1.00 of usual; no partials; full size to TP5; SL steps BE->TP1->TP2->TP3
332,2025.05.07 03:40:27,2025.05.07 06:10:27,TP1_REACHED,XAUUSD,M5,75,SELL,FULLTGT,DAY,0,3387.51,3398.94,3398.94,11.43,1.00,11.43,3376.08,3364.64,3353.21,3341.78,3330.35,0.10,0.00,0.10,3376.08,1.00,1.00,0.00,3399.21,3400.64,3391.41,3400.08,3401.10,1.579,5.85,26.14,30.52,30.52,-5.41,-3.86,-1.55,3394.96,3377.89,1040,745,0.0,100.0,1,1,CROSS=EMA9<EMA21;TREND=1;STRUCT=1;VOL=1;COOL=1;EMA50=1;VWAP=1;BIAS=1,1.00,-0.08,23425.53,23540.43,full target: no partial booked
333,2025.05.07 03:45:15,2025.05.07 06:15:15,TP2_REACHED,XAUUSD,M5,75,SELL,FULLTGT,DAY,0,3387.51,3398.94,3398.94,11.43,1.00,11.43,3376.08,3364.64,3353.21,3341.78,3330.35,0.10,0.00,0.10,3364.64,2.00,2.00,0.00,3397.88,3399.94,3391.15,3399.21,3400.64,1.335,6.59,30.81,23.38,23.38,-6.83,-4.22,-2.61,3393.78,3365.35,1248,757,0.0,100.0,13,1,CROSS=EMA9<EMA21;TREND=1;STRUCT=1;VOL=1;COOL=1;EMA50=1;VWAP=1;BIAS=1,2.00,-0.08,23425.53,23654.23,full target: no partial booked
334,2025.05.07 15:45:00,2025.05.07 18:15:00,SKIP,XAUUSD,M5,75,SELL,FULLTGT,EVENING,0,3387.51,3398.94,3398.94,11.43,1.00,11.43,3376.08,3364.64,3353.21,3341.78,3330.35,0.10,0.00,0.00,0.00,0.00,0.00,0.00,3386.44,3386.42,3386.43,3386.37,3386.38,-0.002,4.06,10.52,51.41,51.41,0.78,0.96,-0.18,3385.63,3388.04,734,655,71.4,14.3,11,1,CROSS=EMA9<EMA21;TREND=1;STRUCT=1;VOL=1;COOL=1;EMA50=1;VWAP=1;BIAS=1,2.38,-0.88,23425.53,23419.13,outside the killzone window
335,2025.05.07 18:35:00,2025.05.07 21:05:00,SKIP,XAUUSD,M5,75,SELL,FULLTGT,EVENING,0,3387.51,3398.94,3398.94,11.43,1.00,11.43,3376.08,3364.64,3353.21,3341.78,3330.35,0.10,0.00,0.00,0.00,0.00,0.00,0.00,3386.90,3386.92,3386.77,3386.95,3386.94,0.037,3.93,20.65,48.48,48.48,-0.87,-0.89,0.01,3386.08,3385.87,668,942,14.3,57.1,5,1,CROSS=EMA9<EMA21;TREND=1;STRUCT=1;VOL=1;COOL=1;EMA50=1;VWAP=1;BIAS=1,2.38,-0.93,23425.53,23442.03,outside the killzone window
336,2025.05.07 21:15:00,2025.05.07 23:45:00,SKIP,XAUUSD,M5,75,SELL,FULLTGT,EVENING,0,3387.51,3398.94,3398.94,11.43,1.00,11.43,3376.08,3364.64,3353.21,3341.78,3330.35,0.10,0.00,0.00,0.00,0.00,0.00,0.00,3386.71,3386.61,3386.59,3386.35,3386.44,0.006,3.92,26.32,67.67,67.67,1.56,0.42,1.14,3386.13,3395.30,1071,596,100.0,0.0,12,1,CROSS=EMA9<EMA21;TREND=1;STRUCT=1;VOL=1;COOL=1;EMA50=1;VWAP=1;BIAS=1,2.38,-0.93,23425.53,23347.13,outside the killzone window
337,2025.05.07 21:45:00,2025.05.08 00:15:00,SKIP,XAUUSD,M5,75,SELL,FULLTGT,DAY,0,3387.51,3398.94,3398.94,11.43,1.00,11.43,3376.08,3364.64,3353.21,3341.78,3330.35,0.10,0.00,0.00,0.00,0.00,0.00,0.00,3386.42,3386.48,3386.53,3386.67,3386.61,-0.007,6.15,18.31,39.54,39.54,-0.25,0.85,-1.10,3386.14,3380.17,1042,732,0.0,85.7,14,1,CROSS=EMA9<EMA21;TREND=1;STRUCT=1;VOL=1;COOL=1;EMA50=1;VWAP=1;BIAS=1,2.38,-0.93,23425.53,23497.13,outside the killzone window
338,2025.05.08 04:20:00,2025.05.08 06:50:00,FLIP,XAUUSD,M5,75,SELL,FULLTGT,DAY,0,3387.51,3398.94,3398.94,11.43,1.00,11.43,3376.08,3364.64,3353.21,3341.78,3330.35,0.10,0.00,0.00,3392.25,0.00,-0.41,0.00,3379.37,3379.36,3381.35,3378.85,3379.10,-0.380,5.25,33.12,67.43,67.43,4.67,3.65,1.02,3380.37,3392.17,964,571,100.0,0.0,8,1,CROSS=EMA9>EMA21;TREND=1;STRUCT=1;VOL=1;COOL=1;EMA50=1;VWAP=1;BIAS=1,2.38,-0.93,23425.53,23391.49,opposite signal before SL/target | SELL -> BUY | closing trade 75
339,2025.05.08 04:20:00,2025.05.08 06:50:00,EXIT_FLIP,XAUUSD,M5,75,SELL,FULLTGT,DAY,0,3387.51,3398.94,3398.94,11.43,1.00,11.43,3376.08,3364.64,3353.21,3341.78,3330.35,0.10,0.10,0.00,3392.25,0.00,-0.41,0.00,3379.37,3379.36,3381.35,3378.85,3379.10,-0.380,5.25,33.12,67.43,67.43,4.67,3.65,1.02,3380.37,3392.17,964,571,100.0,0.0,8,1,CROSS=EMA9>EMA21;TREND=1;STRUCT=1;VOL=1;COOL=1;EMA50=1;VWAP=1;BIAS=1,2.38,-0.93,23391.14,23391.14,FLIP exit
340,2025.05.08 04:20:00,2025.05.08 06:50:00,EXIT_OTHER,XAUUSD,M5,75,SELL,FULLTGT,DAY,0,3387.51,3398.94,3398.94,11.43,1.00,11.43,3376.08,3364.64,3353.21,3341.78,3330.35,0.10,0.10,0.00,3392.25,0.00,-0.41,-34.74,3379.37,3379.36,3381.35,3378.85,3379.10,-0.380,5.25,33.12,67.43,67.43,4.67,3.65,1.02,3380.37,3392.17,964,571,100.0,0.0,8,1,CROSS=EMA9>EMA21;TREND=1;STRUCT=1;VOL=1;COOL=1;EMA50=1;VWAP=1;BIAS=1,2.38,-0.93,23391.14,23391.14,FLIP exit
341,2025.05.08 04:20:00,2025.05.08 06:50:00,ENTRY,XAUUSD,M5,77,BUY,FULLTGT,DAY,75,3392.25,3381.76,3381.76,10.49,1.00,10.49,3402.74,3413.23,3423.72,3434.22,3444.71,0.11,0.11,0.11,3392.25,0.00,0.00,0.00,3379.37,3379.36,3381.35,3378.85,3379.10,-0.380,5.25,33.12,67.43,67.43,4.67,3.65,1.02,3380.37,3392.17,964,571,100.0,0.0,8,1,CROSS=EMA9>EMA21;TREND=1;STRUCT=1;VOL=1;COOL=1;EMA50=1;VWAP=1;BIAS=1,0.00,0.00,23390.75,23389.87,KZ=ASIA; KZR=Asia H @ 3386.96 440 bars ago (high taken); DAY 12AM-4PM IST session: stop x1.00 of usual; no partials; full size to TP5; SL steps BE->TP1->TP2->TP3; flipped from trade 75
342,2025.05.08 04:52:20,2025.05.08 07:22:20,TP1_REACHED,XAUUSD,M5,77,BUY,FULLTGT,DAY,75,3392.25,3381.76,3381.76,10.49,1.00,10.49,3402.74,3413.23,3423.72,3434.22,3444.71,0.11,0.00,0.11,3402.74,1.00,1.00,0.00,3382.12,3380.81,3381.98,3381.49,3380.46,-0.203,5.76,23.52,69.07,69.07,4.70,4.39,0.31,3382.85,3397.75,783,693,85.7,0.0,13,1,CROSS=EMA9>EMA21;TREND=1;STRUCT=1;VOL=1;COOL=1;EMA50=1;VWAP=1;BIAS=1,1.00,-0.75,23390.75,23506.25,full target: no partial booked
343,2025.05.08 05:01:39,2025.05.08 07:31:39,TP2_REACHED,XAUUSD,M5,77,BUY,FULLTGT,DAY,75,3392.25,3381.76,3381.76,10.49,1.00,10.49,3402.74,3413.23,3423.72,3434.22,3444.71,0.11,0.00,0.11,3413.23,2.00,2.00,0.00,3383.95,3381.79,3382.45,3382.94,3381.24,-0.103,6.39,30.60,77.31,77.31,6.21,4.70,1.51,3384.75,3408.67,995,748,100.0,0.0,11,1,CROSS=EMA9>EMA21;TREND=1;STRUCT=1;VOL=1;COOL=1;EMA50=1;VWAP=1;BIAS=1,2.00,-0.75,23390.75,23622.08,full target: no partial booked
344,2025.05.08 08:00:02,2025.05.08 10:30:02,EXIT_SL,XAUUSD,M5,77,BUY,FULLTGT,DAY,75,3392.25,3381.76,3381.76,10.49,1.00,10.49,3402.74,3413.23,3423.72,3434.22,3444.71,0.11,0.11,0.00,3381.74,0.00,-1.00,-116.39,3393.54,3390.16,3387.43,3394.01,3390.33,0.832,3.29,51.47,27.56,27.56,-3.78,-2.44,-1.34,3392.88,3382.09,595,535,14.3,85.7,10,1,CROSS=EMA9>EMA21;TREND=1;STRUCT=1;VOL=1;COOL=1;EMA50=1;VWAP=1;BIAS=1,2.15,-1.00,23274.75,23274.75,stopped at the initial SL (x1.00 of usual)
345,2025.05.08 08:55:00,2025.05.08 11:25:00,SKIP,XAUUSD,M5,77,FLAT,NA,DAY,75,0.00,0.00,0.00,0.00,1.00,0.00,0.00,0.00,0.00,0.00,0.00,0.00,0.00,0.00,0.00,0.00,0.00,0.00,3386.46,3386.96,3386.04,3387.53,3387.49,0.179,5.13,60.52,19.65,19.65,-7.14,-6.06,-1.08,3389.82,3360.34,1176,648,0.0,100.0,13,1,CROSS=EMA9>EMA21;TREND=1;STRUCT=1;VOL=1;COOL=1;EMA50=1;VWAP=1;BIAS=1,0.00,0.00,23274.75,23274.75,outside the killzone window
346,2025.05.09 01:00:00,2025.05.09 03:30:00,DAY_SUMMARY,XAUUSD,M5,77,FLAT,NA,DAY,75,0.00,0.00,0.00,0.00,1.00,0.00,0.00,0.00,0.00,0.00,0.00,0.00,0.00,0.00,0.00,0.00,-1.42,-151.13,3310.08,3320.20,3335.38,3310.25,3320.49,-5.296,2.87,28.13,48.66,48.66,0.06,0.13,-0.07,3350.32,3305.85,267,480,0.0,85.7,11,1,CROSS=EMA9>EMA21;TREND=1;STRUCT=1;VOL=1;COOL=1;EMA50=1;VWAP=1;BIAS=1,0.00,0.00,23274.75,23274.75,2025.05.08 trades=2 W=0 L=2 gross_profit=0.00 gross_loss=151.13 net=-151.13 PF=0.00
347,2025.05.09 08:30:00,2025.05.09 11:00:00,SKIP,XAUUSD,M5,77,FLAT,NA,DAY,75,0.00,0.00,0.00,0.00,1.00,0.00,0.00,0.00,0.00,0.00,0.00,0.00,0.00,0.00,0.00,0.00,0.00,0.00,3312.47,3312.31,3320.52,3312.10,3312.12,-2.492,3.30,52.02,60.26,60.26,4.90,4.91,-0.02,3306.97,3321.54,483,493,71.4,14.3,10,1,CROSS=EMA9>EMA21;TREND=1;STRUCT=1;VOL=1;COOL=1;EMA50=1;VWAP=1;BIAS=1,0.00,0.00,23274.75,23274.75,outside the killzone window
348,2025.05.09 23:40:00,2025.05.10 02:10:00,SKIP,XAUUSD,M5,77,FLAT,NA,DAY,75,0.00,0.00,0.00,0.00,1.00,0.00,0.00,0.00,0.00,0.00,0.00,0.00,0.00,0.00,0.00,0.00,0.00,0.00,3333.81,3333.88,3331.48,3334.01,3333.97,1.239,1.93,23.06,39.73,39.73,-2.05,-2.63,0.58,3323.81,3329.01,198,401,28.6,42.9,12,1,CROSS=EMA9>EMA21;TREND=1;STRUCT=1;VOL=1;COOL=1;EMA50=1;VWAP=1;BIAS=1,0.00,0.00,23274.75,23274.75,outside the killzone window
349,2025.05.12 01:00:00,2025.05.12 03:30:00,WEEK_SUMMARY,XAUUSD,M5,77,FLAT,NA,DAY,75,0.00,0.00,0.00,0.00,1.00,0.00,0.00,0.00,0.00,0.00,0.00,0.00,0.00,0.00,0.00,0.00,3.59,409.47,3332.89,3333.39,3331.33,3333.12,3333.52,1.075,1.92,32.35,37.64,37.64,-2.00,-2.16,0.16,3323.83,3327.15,58,363,28.6,57.1,13,1,CROSS=EMA9>EMA21;TREND=1;STRUCT=1;VOL=1;COOL=1;EMA50=1;VWAP=1;BIAS=1,0.00,0.00,23274.75,23274.75,days=2 trades=3 W=1 L=2 gross_profit=560.60 gross_loss=151.13 net=409.47 PF=3.71 pips=1285.0
350,2025.05.13 02:25:00,2025.05.13 04:55:00,SKIP,XAUUSD,M5,77,FLAT,NA,DAY,75,0.00,0.00,0.00,0.00,1.00,0.00,0.00,0.00,0.00,0.00,0.00,0.00,0.00,0.00,0.00,0.00,0.00,0.00,3233.71,3233.69,3241.48,3233.64,3233.66,-3.285,2.37,17.56,52.78,52.78,0.27,0.34,-0.07,3235.34,3235.50,161,267,57.1,14.3,7,1,CROSS=EMA9>EMA21;TREND=1;STRUCT=1;VOL=1;COOL=1;EMA50=1;VWAP=1;BIAS=1,0.00,0.00,23274.75,23274.75,already positioned that way
351,2025.05.13 04:50:00,2025.05.13 07:20:00,ENTRY,XAUUSD,M5,79,SELL,FULLTGT,DAY,0,3225.18,3235.52,3235.52,10.34,1.00,10.34,3214.84,3204.49,3194.15,3183.81,3173.47,0.11,0.11,0.11,3225.18,0.00,0.00,0.00,3234.13,3234.27,3239.93,3234.49,3234.45,-1.095,5.17,35.25,40.26,40.26,-3.28,-0.84,-2.44,3234.49,3225.19,998,705,14.3,85.7,9,1,CROSS=EMA9<EMA21;TREND=1;STRUCT=1;VOL=1;COOL=1;EMA50=1;VWAP=1;BIAS=1,0.00,0.00,23274.36,23273.37,KZ=ASIA; KZR=Asia L @ 3258.86 225 bars ago (low taken); DAY 12AM-4PM IST session: stop x1.00 of usual; no partials; full size to TP5; SL steps BE->TP1->TP2->TP3
352,2025.05.13 05:40:28,2025.05.13 08:10:28,EXIT_SL,XAUUSD,M5,79,SELL,FULLTGT,DAY,0,3225.18,3235.52,3235.52,10.34,1.00,10.34,3214.84,3204.49,3194.15,3183.81,3173.47,0.11,0.11,0.00,3235.56,0.00,-1.00,-114.96,3232.05,3233.08,3238.76,3231.96,3233.05,-1.106,5.14,24.67,55.95,55.95,-1.60,-2.77,1.18,3232.82,3234.37,834,768,71.4,14.3,13,1,CROSS=EMA9<EMA21;TREND=1;STRUCT=1;VOL=1;COOL=1;EMA50=1;VWAP=1;BIAS=1,0.41,-1.00,23159.79,23159.79,stopped at the initial SL (x1.00 of usual)
353,2025.05.13 07:25:00,2025.05.13 09:55:00,SKIP,XAUUSD,M5,79,FLAT,NA,DAY,0,0.00,0.00,0.00,0.00,1.00,0.00,0.00,0.00,0.00,0.00,0.00,0.00,0.00,0.00,0.00,0.00,0.00,0.00,3233.69,3233.67,3237.99,3233.59,3233.61,-2.319,1.87,35.34,55.82,55.82,1.24,1.24,0.00,3233.27,3236.27,318,512,85.7,0.0,7,1,CROSS=EMA9<EMA21;TREND=1;STRUCT=1;VOL=1;COOL=1;EMA50=1;VWAP=1;BIAS=1,0.00,0.00,23159.79,23159.79,outside the killzone window
354,2025.05.13 16:15:00,2025.05.13 18:45:00,SKIP,XAUUSD,M5,79,FLAT,NA,EVENING,0,0.00,0.00,0.00,0.00,1.00,0.00,0.00,0.00,0.00,0.00,0.00,0.00,0.00,0.00,0.00,0.00,0.00,0.00,3249.01,3249.11,3247.27,3249.24,3249.22,0.388,4.73,38.06,43.19,43.19,-2.31,-2.92,0.61,3245.48,3243.42,882,902,14.3,71.4,6,1,CROSS=EMA9<EMA21;TREND=1;STRUCT=1;VOL=1;COOL=1;EMA50=1;VWAP=1;BIAS=1,0.00,0.00,23159.79,23159.79,outside the killzone window
355,2025.05.13 19:20:00,2025.05.13 21:50:00,SKIP,XAUUSD,M5,79,FLAT,NA,EVENING,0,0.00,0.00,0.00,0.00,1.00,0.00,0.00,0.00,0.00,0.00,0.00,0.00,0.00,0.00,0.00,0.00,0.00,0.00,3247.42,3247.26,3246.53,3247.08,3247.09,0.233,3.12,57.68,62.91,62.91,3.66,2.98,0.69,3244.82,3255.74,675,810,85.7,0.0,9,1,CROSS=EMA9<EMA21;TREND=1;STRUCT=1;VOL=1;COOL=1;EMA50=1;VWAP=1;BIAS=1,0.00,0.00,23159.79,23159.79,outside the killzone window
356,2025.05.14 01:00:00,2025.05.14 03:30:00,DAY_SUMMARY,XAUUSD,M5,79,FLAT,NA,DAY,0,0.00,0.00,0.00,0.00,1.00,0.00,0.00,0.00,0.00,0.00,0.00,0.00,0.00,0.00,0.00,0.00,-1.00,-114.96,3249.59,3248.76,3247.74,3249.57,3248.74,0.544,1.89,25.86,48.15,48.15,0.90,0.94,-0.04,3245.38,3249.98,93,251,42.9,42.9,11,1,CROSS=EMA9<EMA21;TREND=1;STRUCT=1;VOL=1;COOL=1;EMA50=1;VWAP=1;BIAS=1,0.00,0.00,23159.79,23159.79,2025.05.13 trades=1 W=0 L=1 gross_profit=0.00 gross_loss=114.96 net=-114.96 PF=0.00
357,2025.05.14 04:05:00,2025.05.14 06:35:00,SKIP,XAUUSD,M5,79,FLAT,NA,DAY,0,0.00,0.00,0.00,0.00,1.00,0.00,0.00,0.00,0.00,0.00,0.00,0.00,0.00,0.00,0.00,0.00,0.00,0.00,3249.15,3249.27,3248.46,3249.54,3249.47,0.247,3.29,40.01,29.97,29.97,-2.57,-1.99,-0.58,3248.12,3239.51,1077,448,0.0,100.0,11,1,CROSS=EMA9<EMA21;TREND=1;STRUCT=1;VOL=1;COOL=1;EMA50=1;VWAP=1;BIAS=1,0.00,0.00,23159.79,23159.79,already positioned that way
358,2025.05.15 13:20:00,2025.05.15 15:50:00,SKIP,XAUUSD,M5,79,FLAT,NA,DAY,0,0.00,0.00,0.00,0.00,1.00,0.00,0.00,0.00,0.00,0.00,0.00,0.00,0.00,0.00,0.00,0.00,0.00,0.00,3158.31,3158.05,3167.71,3157.55,3157.67,-2.532,3.81,36.25,71.60,71.60,5.73,5.58,0.15,3157.04,3176.92,878,787,100.0,0.0,5,1,CROSS=EMA9<EMA21;TREND=1;STRUCT=1;VOL=1;COOL=1;EMA50=1;VWAP=1;BIAS=1,0.00,0.00,23159.79,23159.79,outside the killzone window
359,2025.05.16 06:25:00,2025.05.16 08:55:00,SKIP,XAUUSD,M5,79,FLAT,NA,DAY,0,0.00,0.00,0.00,0.00,1.00,0.00,0.00,0.00,0.00,0.00,0.00,0.00,0.00,0.00,0.00,0.00,0.00,0.00,3225.23,3225.31,3215.76,3225.80,3225.60,2.400,3.98,44.24,34.98,34.98,-5.10,-4.23,-0.87,3230.73,3211.14,736,713,14.3,85.7,7,1,CROSS=EMA9<EMA21;TREND=1;STRUCT=1;VOL=1;COOL=1;EMA50=1;VWAP=1;BIAS=1,0.00,0.00,23159.79,23159.79,already positioned that way
360,2025.05.16 22:55:00,2025.05.17 01:25:00,SKIP,XAUUSD,M5,79,FLAT,NA,DAY,0,0.00,0.00,0.00,0.00,1.00,0.00,0.00,0.00,0.00,0.00,0.00,0.00,0.00,0.00,0.00,0.00,0.00,0.00,3188.35,3188.29,3193.23,3188.15,3188.19,-2.313,2.14,46.81,58.05,58.05,2.03,1.87,0.16,3201.10,3193.18,417,367,85.7,14.3,13,1,CROSS=EMA9<EMA21;TREND=1;STRUCT=1;VOL=1;COOL=1;EMA50=1;VWAP=1;BIAS=1,0.00,0.00,23159.79,23159.79,outside the killzone window
361,2025.05.19 01:00:00,2025.05.19 03:30:00,WEEK_SUMMARY,XAUUSD,M5,79,FLAT,NA,DAY,0,0.00,0.00,0.00,0.00,1.00,0.00,0.00,0.00,0.00,0.00,0.00,0.00,0.00,0.00,0.00,0.00,-1.00,-114.96,3192.57,3190.66,3193.88,3192.23,3190.45,-1.054,3.05,32.14,63.43,63.43,2.72,2.62,0.10,3201.03,3201.00,98,348,71.4,14.3,11,1,CROSS=EMA9<EMA21;TREND=1;STRUCT=1;VOL=1;COOL=1;EMA50=1;VWAP=1;BIAS=1,0.00,0.00,23159.79,23159.79,days=1 trades=1 W=0 L=1 gross_profit=0.00 gross_loss=114.96 net=-114.96 PF=0.00 pips=-1038.0
362,2025.05.19 19:30:00,2025.05.19 22:00:00,SKIP,XAUUSD,M5,79,FLAT,NA,EVENING,0,0.00,0.00,0.00,0.00,1.00,0.00,0.00,0.00,0.00,0.00,0.00,0.00,0.00,0.00,0.00,0.00,0.00,0.00,3232.83,3232.87,3228.61,3232.99,3232.95,1.533,2.78,23.71,42.90,42.90,-0.81,-0.11,-0.70,3231.70,3228.97,446,648,0.0,71.4,7,1,CROSS=EMA9<EMA21;TREND=1;STRUCT=1;VOL=1;COOL=1;EMA50=1;VWAP=1;BIAS=1,0.00,0.00,23159.79,23159.79,outside the killzone window
363,2025.05.20 11:55:00,2025.05.20 14:25:00,SKIP,XAUUSD,M5,79,FLAT,NA,DAY,0,0.00,0.00,0.00,0.00,1.00,0.00,0.00,0.00,0.00,0.00,0.00,0.00,0.00,0.00,0.00,0.00,0.00,0.00,3218.96,3218.85,3221.07,3218.47,3218.60,-0.723,3.07,40.31,72.71,72.71,3.61,2.72,0.89,3217.99,3230.89,630,640,85.7,0.0,5,1,CROSS=EMA9<EMA21;TREND=1;STRUCT=1;VOL=1;COOL=1;EMA50=1;VWAP=1;BIAS=1,0.00,0.00,23159.79,23159.79,outside the killzone window
364,2025.05.21 16:50:00,2025.05.21 19:20:00,SKIP,XAUUSD,M5,79,FLAT,NA,EVENING,0,0.00,0.00,0.00,0.00,1.00,0.00,0.00,0.00,0.00,0.00,0.00,0.00,0.00,0.00,0.00,0.00,0.00,0.00,3306.63,3306.69,3299.93,3306.86,3306.80,1.452,4.66,17.09,42.82,42.82,-0.99,-1.38,0.39,3305.05,3301.08,1192,1023,14.3,71.4,9,1,CROSS=EMA9<EMA21;TREND=1;STRUCT=1;VOL=1;COOL=1;EMA50=1;VWAP=1;BIAS=1,0.00,0.00,23159.79,23159.79,outside the killzone window
365,2025.05.21 18:30:00,2025.05.21 21:00:00,SKIP,XAUUSD,M5,79,FLAT,NA,EVENING,0,0.00,0.00,0.00,0.00,1.00,0.00,0.00,0.00,0.00,0.00,0.00,0.00,0.00,0.00,0.00,0.00,0.00,0.00,3306.51,3306.44,3300.97,3306.29,3306.33,1.362,4.01,29.71,59.75,59.75,2.12,0.88,1.24,3305.00,3311.78,826,979,85.7,0.0,5,1,CROSS=EMA9<EMA21;TREND=1;STRUCT=1;VOL=1;COOL=1;EMA50=1;VWAP=1;BIAS=1,0.00,0.00,23159.79,23159.79,outside the killzone window
366,2025.05.22 11:35:00,2025.05.22 14:05:00,SKIP,XAUUSD,M5,79,FLAT,NA,DAY,0,0.00,0.00,0.00,0.00,1.00,0.00,0.00,0.00,0.00,0.00,0.00,0.00,0.00,0.00,0.00,0.00,0.00,0.00,3329.28,3329.48,3324.52,3329.88,3329.78,1.439,3.45,35.88,22.47,22.47,-2.98,-1.67,-1.31,3331.07,3314.53,1116,807,0.0,100.0,8,1,CROSS=EMA9<EMA21;TREND=1;STRUCT=1;VOL=1;COOL=1;EMA50=1;VWAP=1;BIAS=1,0.00,0.00,23159.79,23159.79,outside the killzone window
367,2025.05.23 03:45:00,2025.05.23 06:15:00,ENTRY,XAUUSD,M5,81,BUY,FULLTGT,DAY,0,3303.06,3296.90,3296.90,6.16,1.00,6.16,3309.22,3315.38,3321.54,3327.71,3333.87,0.18,0.18,0.18,3303.06,0.00,0.00,0.00,3298.80,3298.78,3302.48,3298.64,3298.70,-1.200,3.08,39.13,55.07,55.07,2.13,1.47,0.66,3300.46,3302.95,650,388,85.7,14.3,11,1,CROSS=EMA9>EMA21;TREND=1;STRUCT=1;VOL=1;COOL=1;EMA50=1;VWAP=1;BIAS=1,0.00,0.00,23159.16,23157.18,KZ=ASIA; KZR=Asia H @ 3314.54 515 bars ago (high taken); DAY 12AM-4PM IST session: stop x1.00 of usual; no partials; full size to TP5; SL steps BE->TP1->TP2->TP3
368,2025.05.23 03:49:24,2025.05.23 06:19:24,EXIT_SL,XAUUSD,M5,81,BUY,FULLTGT,DAY,0,3303.06,3296.90,3296.90,6.16,1.00,6.16,3309.22,3315.38,3321.54,3327.71,3333.87,0.18,0.18,0.00,3296.88,0.00,-1.00,-112.50,3298.80,3298.78,3302.48,3298.64,3298.70,-1.200,3.08,39.13,55.07,55.07,2.13,1.47,0.66,3300.46,3302.95,650,388,85.7,14.3,13,1,CROSS=EMA9>EMA21;TREND=1;STRUCT=1;VOL=1;COOL=1;EMA50=1;VWAP=1;BIAS=1,0.14,-0.99,23047.29,23047.29,stopped at the initial SL (x1.00 of usual)
369,2025.05.23 03:50:00,2025.05.23 06:20:00,SKIP,XAUUSD,M5,81,FLAT,NA,DAY,0,0.00,0.00,0.00,0.00,1.00,0.00,0.00,0.00,0.00,0.00,0.00,0.00,0.00,0.00,0.00,0.00,0.00,0.00,3298.69,3298.73,3302.42,3298.80,3298.78,-1.031,3.58,34.13,42.70,42.70,1.43,1.53,-0.10,3300.32,3295.89,835,414,0.0,100.0,13,1,CROSS=EMA9<EMA21;TREND=1;STRUCT=1;VOL=1;COOL=0;EMA50=1;VWAP=1;BIAS=1,0.00,0.00,23047.29,23047.29,quality filter
370,2025.05.23 04:05:00,2025.05.23 06:35:00,SKIP,XAUUSD,M5,81,FLAT,NA,DAY,0,0.00,0.00,0.00,0.00,1.00,0.00,0.00,0.00,0.00,0.00,0.00,0.00,0.00,0.00,0.00,0.00,0.00,0.00,3298.76,3298.76,3302.32,3298.64,3298.70,-0.739,4.82,25.93,52.89,52.89,0.79,1.47,-0.68,3299.71,3301.74,1140,541,85.7,14.3,10,1,CROSS=EMA9>EMA21;TREND=1;STRUCT=1;VOL=1;COOL=0;EMA50=1;VWAP=1;BIAS=1,0.00,0.00,23047.29,23047.29,already positioned that way
371,2025.05.23 05:50:00,2025.05.23 08:20:00,ENTRY,XAUUSD,M5,83,SELL,FULLTGT,DAY,0,3293.64,3301.18,3301.18,7.54,1.00,7.54,3286.10,3278.57,3271.03,3263.50,3255.96,0.15,0.15,0.15,3293.64,0.00,0.00,0.00,3298.97,3299.02,3301.83,3299.19,3299.13,-0.745,3.77,35.54,40.23,40.23,-1.79,-0.68,-1.11,3299.98,3293.64,531,613,0.0,85.7,9,1,CROSS=EMA9<EMA21;TREND=1;STRUCT=1;VOL=1;COOL=1;EMA50=1;VWAP=1;BIAS=1,0.00,0.00,23046.76,23045.41,KZ=ASIA; KZR=Asia H @ 3314.54 540 bars ago (high taken); DAY 12AM-4PM IST session: stop x1.00 of usual; no partials; full size to TP5; SL steps BE->TP1->TP2->TP3
372,2025.05.23 06:35:39,2025.05.23 09:05:39,EXIT_SL,XAUUSD,M5,83,SELL,FULLTGT,DAY,0,3293.64,3301.18,3301.18,7.54,1.00,7.54,3286.10,3278.57,3271.03,3263.50,3255.96,0.15,0.15,0.00,3301.18,0.00,-1.00,-114.16,3298.77,3298.90,3301.52,3298.72,3298.87,-0.919,2.85,24.51,53.56,53.56,-0.31,-1.02,0.72,3299.74,3300.14,295,499,57.1,14.3,7,1,CROSS=EMA9<EMA21;TREND=1;STRUCT=1;VOL=1;COOL=1;EMA50=1;VWAP=1;BIAS=1,0.00,-1.00,22933.13,22933.13,stopped at the initial SL (x1.00 of usual)
373,2025.05.23 06:50:00,2025.05.23 09:20:00,ENTRY,XAUUSD,M5,85,BUY,FULLTGT,DAY,0,3302.27,3297.41,3297.41,4.86,1.00,4.86,3307.13,3312.00,3316.86,3321.72,3326.58,0.23,0.23,0.23,3302.27,0.00,0.00,0.00,3299.08,3299.05,3301.52,3298.96,3298.99,-1.016,2.43,32.19,57.84,57.84,0.38,-0.44,0.82,3299.79,3302.17,323,456,85.7,0.0,8,1,CROSS=EMA9>EMA21;TREND=1;STRUCT=1;VOL=1;COOL=1;EMA50=1;VWAP=1;BIAS=1,0.00,0.00,22932.32,22930.48,KZ=ASIA; KZR=Asia H @ 3314.54 552 bars ago (high taken); DAY 12AM-4PM IST session: stop x1.00 of usual; no partials; full size to TP5; SL steps BE->TP1->TP2->TP3
374,2025.05.23 07:15:39,2025.05.23 09:45:39,TP1_REACHED,XAUUSD,M5,85,BUY,FULLTGT,DAY,0,3302.27,3297.41,3297.41,4.86,1.00,4.86,3307.13,3312.00,3316.86,3321.72,3326.58,0.23,0.00,0.23,3307.13,1.00,1.00,0.00,3299.89,3299.47,3301.61,3299.64,3299.34,-1.008,2.13,39.48,65.58,65.58,1.37,0.51,0.85,3299.97,3305.98,450,411,100.0,0.0,13,1,CROSS=EMA9>EMA21;TREND=1;STRUCT=1;VOL=1;COOL=1;EMA50=1;VWAP=1;BIAS=1,0.99,-0.57,22932.32,23044.33,full target: no partial booked
375,2025.05.23 07:24:38,2025.05.23 09:54:38,TP2_REACHED,XAUUSD,M5,85,BUY,FULLTGT,DAY,0,3302.27,3297.41,3297.41,4.86,1.00,4.86,3307.13,3312.00,3316.86,3321.72,3326.58,0.23,0.00,0.23,3312.00,2.00,2.00,0.00,3300.30,3299.68,3301.70,3299.89,3299.47,-0.865,2.33,43.68,72.40,72.40,1.93,0.76,1.17,3300.10,3310.29,540,407,100.0,0.0,13,1,CROSS=EMA9>EMA21;TREND=1;STRUCT=1;VOL=1;COOL=1;EMA50=1;VWAP=1;BIAS=1,1.99,-0.57,22932.32,23156.34,full target: no partial booked
376,2025.05.23 08:14:29,2025.05.23 10:44:29,TP3_REACHED,XAUUSD,M5,85,BUY,FULLTGT,DAY,0,3302.27,3297.41,3297.41,4.86,1.00,4.86,3307.13,3312.00,3316.86,3321.72,3326.58,0.23,0.00,0.23,3316.86,3.00,3.00,0.00,3304.75,3302.23,3302.85,3304.34,3301.98,-0.265,2.31,65.33,73.75,73.75,3.95,3.74,0.21,3301.56,3314.62,310,392,85.7,0.0,7,1,CROSS=EMA9>EMA21;TREND=1;STRUCT=1;VOL=1;COOL=1;EMA50=1;VWAP=1;BIAS=1,3.00,-0.57,22932.32,23268.81,full target: no partial booked
377,2025.05.23 08:25:37,2025.05.23 10:55:37,TP4_REACHED,XAUUSD,M5,85,BUY,FULLTGT,DAY,0,3302.27,3297.41,3297.41,4.86,1.00,4.86,3307.13,3312.00,3316.86,3321.72,3326.58,0.23,0.00,0.23,3321.72,4.00,4.00,0.00,3306.36,3303.21,3303.32,3305.76,3302.85,-0.044,2.53,67.12,82.30,82.30,4.50,4.08,0.43,3302.26,3321.02,641,428,100.0,0.0,12,1,CROSS=EMA9>EMA21;TREND=1;STRUCT=1;VOL=1;COOL=1;EMA50=1;VWAP=1;BIAS=1,4.00,-0.57,22932.32,23380.36,full target: no partial booked
378,2025.05.23 09:01:28,2025.05.23 11:31:28,TP5_EXIT,XAUUSD,M5,85,BUY,FULLTGT,DAY,0,3302.27,3297.41,3297.41,4.86,1.00,4.86,3307.13,3312.00,3316.86,3321.72,3326.58,0.23,0.23,0.00,3326.62,5.00,5.00,0.00,3309.90,3305.51,3304.50,3309.33,3305.14,0.348,2.89,55.16,72.76,72.76,4.54,4.40,0.14,3304.11,3323.81,722,519,85.7,14.3,8,1,CROSS=EMA9>EMA21;TREND=1;STRUCT=1;VOL=1;COOL=1;EMA50=1;VWAP=1;BIAS=1,5.00,-0.57,23491.56,23491.56,full target reached; closed in full
379,2025.05.23 09:01:28,2025.05.23 11:31:28,EXIT_TP,XAUUSD,M5,85,BUY,FULLTGT,DAY,0,3302.27,3297.41,3297.41,4.86,1.00,4.86,3307.13,3312.00,3316.86,3321.72,3326.58,0.23,0.23,0.00,3326.62,0.00,5.01,558.43,3309.90,3305.51,3304.50,3309.33,3305.14,0.348,2.89,55.16,72.76,72.76,4.54,4.40,0.14,3304.11,3323.81,722,519,85.7,14.3,8,1,CROSS=EMA9>EMA21;TREND=1;STRUCT=1;VOL=1;COOL=1;EMA50=1;VWAP=1;BIAS=1,5.00,-0.57,23491.56,23491.56,TP5 exit
380,2025.05.26 01:00:00,2025.05.26 03:30:00,DAY_SUMMARY,XAUUSD,M5,85,FLAT,NA,DAY,0,0.00,0.00,0.00,0.00,1.00,0.00,0.00,0.00,0.00,0.00,0.00,0.00,0.00,0.00,0.00,0.00,3.00,331.77,3360.48,3355.91,3344.95,3360.59,3355.86,6.097,1.80,33.48,38.96,38.96,-1.12,-0.90,-0.22,3335.95,3357.90,118,363,28.6,57.1,11,1,CROSS=EMA9>EMA21;TREND=1;STRUCT=1;VOL=1;COOL=1;EMA50=1;VWAP=1;BIAS=1,0.00,0.00,23491.56,23491.56,2025.05.23 trades=3 W=1 L=2 gross_profit=558.43 gross_loss=226.66 net=331.77 PF=2.46
381,2025.05.26 01:00:00,2025.05.26 03:30:00,WEEK_SUMMARY,XAUUSD,M5,85,FLAT,NA,DAY,0,0.00,0.00,0.00,0.00,1.00,0.00,0.00,0.00,0.00,0.00,0.00,0.00,0.00,0.00,0.00,0.00,3.00,331.77,3360.48,3355.91,3344.95,3360.59,3355.86,6.097,1.80,33.48,38.96,38.96,-1.12,-0.90,-0.22,3335.95,3357.90,118,363,28.6,57.1,11,1,CROSS=EMA9>EMA21;TREND=1;STRUCT=1;VOL=1;COOL=1;EMA50=1;VWAP=1;BIAS=1,0.00,0.00,23491.56,23491.56,days=1 trades=3 W=1 L=2 gross_profit=558.43 gross_loss=226.66 net=331.77 PF=2.46 pips=1063.0
382,2025.05.26 02:50:00,2025.05.26 05:20:00,ENTRY,XAUUSD,M5,87,SELL,FULLTGT,DAY,0,3343.79,3349.22,3349.22,5.43,1.00,5.43,3338.36,3332.92,3327.49,3322.06,3316.63,0.21,0.21,0.21,3343.79,0.00,0.00,0.00,3352.92,3352.96,3345.48,3353.29,3353.15,2.752,2.72,37.89,36.13,36.13,-2.50,-2.65,0.15,3347.60,3343.75,462,338,14.3,85.7,13,1,CROSS=EMA9<EMA21;TREND=1;STRUCT=1;VOL=1;COOL=1;EMA50=1;VWAP=1;BIAS=1,0.00,0.00,23490.82,23488.09,KZ=ASIA; KZR=Asia H @ 3345.43 720 bars ago (high taken); DAY 12AM-4PM IST session: stop x1.00 of usual; no partials; full size to TP5; SL steps BE->TP1->TP2->TP3
383,2025.05.26 03:11:30,2025.05.26 05:41:30,TP1_REACHED,XAUUSD,M5,87,SELL,FULLTGT,DAY,0,3343.79,3349.22,3349.22,5.43,1.00,5.43,3338.36,3332.92,3327.49,3322.06,3316.63,0.21,0.00,0.21,3338.36,1.00,1.00,0.00,3351.50,3352.22,3345.40,3351.89,3352.43,2.385,2.86,42.44,35.79,35.79,-2.77,-2.54,-0.23,3346.79,3341.99,554,335,0.0,100.0,13,1,CROSS=EMA9<EMA21;TREND=1;STRUCT=1;VOL=1;COOL=1;EMA50=1;VWAP=1;BIAS=1,0.99,-0.48,23490.82,23605.06,full target: no partial booked
384,2025.05.26 03:28:29,2025.05.26 05:58:29,TP2_REACHED,XAUUSD,M5,87,SELL,FULLTGT,DAY,0,3343.79,3349.22,3349.22,5.43,1.00,5.43,3338.36,3332.92,3327.49,3322.06,3316.63,0.21,0.00,0.21,3332.92,2.00,2.00,0.00,3349.88,3351.34,3345.16,3350.41,3351.64,1.890,3.27,48.45,30.21,30.21,-3.73,-2.89,-0.84,3345.44,3336.90,382,355,0.0,100.0,8,1,CROSS=EMA9<EMA21;TREND=1;STRUCT=1;VOL=1;COOL=1;EMA50=1;VWAP=1;BIAS=1,1.99,-0.48,23490.82,23719.72,full target: no partial booked
385,2025.05.26 05:05:39,2025.05.26 07:35:39,EXIT_SL,XAUUSD,M5,87,SELL,FULLTGT,DAY,0,3343.79,3349.22,3349.22,5.43,1.00,5.43,3338.36,3332.92,3327.49,3322.06,3316.63,0.21,0.21,0.00,3349.26,0.00,-1.01,-116.35,3345.26,3347.95,3344.37,3345.15,3347.95,0.846,4.23,28.79,59.00,59.00,0.74,-0.67,1.42,3343.11,3347.84,620,583,85.7,14.3,7,1,CROSS=EMA9<EMA21;TREND=1;STRUCT=1;VOL=1;COOL=1;EMA50=1;VWAP=1;BIAS=1,2.25,-1.00,23375.21,23375.21,stopped at the initial SL (x1.00 of usual)
386,2025.05.26 19:10:00,2025.05.26 21:40:00,SKIP,XAUUSD,M5,87,FLAT,NA,EVENING,0,0.00,0.00,0.00,0.00,1.00,0.00,0.00,0.00,0.00,0.00,0.00,0.00,0.00,0.00,0.00,0.00,0.00,0.00,3336.90,3336.88,3338.48,3336.85,3336.86,-1.099,1.46,14.85,51.22,51.22,0.52,0.69,-0.18,3339.72,3338.12,365,391,42.9,28.6,10,1,CROSS=EMA9<EMA21;TREND=1;STRUCT=1;VOL=1;COOL=1;EMA50=1;VWAP=1;BIAS=1,0.00,0.00,23375.21,23375.21,outside the killzone window
387,2025.05.27 01:00:00,2025.05.27 03:30:00,DAY_SUMMARY,XAUUSD,M5,87,FLAT,NA,DAY,0,0.00,0.00,0.00,0.00,1.00,0.00,0.00,0.00,0.00,0.00,0.00,0.00,0.00,0.00,0.00,0.00,-1.01,-116.35,3339.95,3338.81,3339.18,3339.85,3338.74,-0.454,0.82,21.73,63.74,63.74,0.50,0.55,-0.05,3339.81,3342.30,237,205,71.4,14.3,9,1,CROSS=EMA9<EMA21;TREND=1;STRUCT=1;VOL=1;COOL=1;EMA50=1;VWAP=1;BIAS=1,0.00,0.00,23375.21,23375.21,2025.05.26 trades=1 W=0 L=1 gross_profit=0.00 gross_loss=116.35 net=-116.35 PF=0.00
388,2025.05.27 07:45:00,2025.05.27 10:15:00,SKIP,XAUUSD,M5,87,FLAT,NA,DAY,0,0.00,0.00,0.00,0.00,1.00,0.00,0.00,0.00,0.00,0.00,0.00,0.00,0.00,0.00,0.00,0.00,0.00,0.00,3341.58,3341.60,3341.14,3341.79,3341.70,0.259,1.76,58.67,31.53,31.53,-1.17,-0.39,-0.78,3342.21,3336.55,470,396,0.0,100.0,7,1,CROSS=EMA9<EMA21;TREND=1;STRUCT=1;VOL=1;COOL=1;EMA50=1;VWAP=1;BIAS=1,0.00,0.00,23375.21,23375.21,outside the killzone window
389,2025.05.27 22:45:00,2025.05.28 01:15:00,SKIP,XAUUSD,M5,87,FLAT,NA,DAY,0,0.00,0.00,0.00,0.00,1.00,0.00,0.00,0.00,0.00,0.00,0.00,0.00,0.00,0.00,0.00,0.00,0.00,0.00,3301.41,3301.38,3307.30,3301.17,3301.26,-4.742,1.25,62.33,72.49,72.49,1.61,1.35,0.26,3310.53,3307.13,326,333,71.4,14.3,8,1,CROSS=EMA9<EMA21;TREND=1;STRUCT=1;VOL=1;COOL=1;EMA50=1;VWAP=1;BIAS=1,0.00,0.00,23375.21,23375.21,outside the killzone window
390,2025.05.28 06:30:00,2025.05.28 09:00:00,SKIP,XAUUSD,M5,87,FLAT,NA,DAY,0,0.00,0.00,0.00,0.00,1.00,0.00,0.00,0.00,0.00,0.00,0.00,0.00,0.00,0.00,0.00,0.00,0.00,0.00,3304.76,3304.80,3306.51,3305.20,3305.01,-0.548,3.13,35.68,24.93,24.93,-2.61,-1.35,-1.25,3305.72,3294.00,995,657,0.0,100.0,5,1,CROSS=EMA9<EMA21;TREND=1;STRUCT=1;VOL=1;COOL=1;EMA50=1;VWAP=1;BIAS=1,0.00,0.00,23375.21,23375.21,already positioned that way
391,2025.05.28 10:00:00,2025.05.28 12:30:00,SKIP,XAUUSD,M5,87,FLAT,NA,DAY,0,0.00,0.00,0.00,0.00,1.00,0.00,0.00,0.00,0.00,0.00,0.00,0.00,0.00,0.00,0.00,0.00,0.00,0.00,3303.41,3303.36,3304.90,3303.21,3303.26,-0.551,2.80,46.56,61.36,61.36,1.46,1.00,0.46,3304.18,3308.29,513,571,85.7,0.0,7,1,CROSS=EMA9<EMA21;TREND=1;STRUCT=1;VOL=1;COOL=1;EMA50=1;VWAP=1;BIAS=1,0.00,0.00,23375.21,23375.21,outside the killzone window
392,2025.05.28 16:50:00,2025.05.28 19:20:00,SKIP,XAUUSD,M5,87,FLAT,NA,EVENING,0,0.00,0.00,0.00,0.00,1.00,0.00,0.00,0.00,0.00,0.00,0.00,0.00,0.00,0.00,0.00,0.00,0.00,0.00,3311.26,3311.40,3310.14,3311.55,3311.55,0.319,3.95,32.20,40.02,40.02,-2.34,-1.47,-0.87,3309.26,3304.14,1165,887,14.3,85.7,7,1,CROSS=EMA9<EMA21;TREND=1;STRUCT=1;VOL=1;COOL=1;EMA50=1;VWAP=1;BIAS=1,0.00,0.00,23375.21,23375.21,outside the killzone window
393,2025.05.29 11:10:00,2025.05.29 13:40:00,SKIP,XAUUSD,M5,87,FLAT,NA,DAY,0,0.00,0.00,0.00,0.00,1.00,0.00,0.00,0.00,0.00,0.00,0.00,0.00,0.00,0.00,0.00,0.00,0.00,0.00,3275.41,3275.27,3280.95,3275.03,3275.08,-1.772,3.21,53.64,66.51,66.51,3.42,2.58,0.84,3268.67,3284.83,608,646,85.7,0.0,5,1,CROSS=EMA9<EMA21;TREND=1;STRUCT=1;VOL=1;COOL=1;EMA50=1;VWAP=1;BIAS=1,0.00,0.00,23375.21,23375.21,outside the killzone window
394,2025.05.30 05:10:00,2025.05.30 07:40:00,SKIP,XAUUSD,M5,87,FLAT,NA,DAY,0,0.00,0.00,0.00,0.00,1.00,0.00,0.00,0.00,0.00,0.00,0.00,0.00,0.00,0.00,0.00,0.00,0.00,0.00,3314.31,3314.32,3309.72,3314.56,3314.45,1.155,3.99,30.49,35.00,35.00,-1.56,-0.44,-1.13,3314.29,3308.19,584,624,0.0,85.7,5,1,CROSS=EMA9<EMA21;TREND=1;STRUCT=1;VOL=1;COOL=1;EMA50=1;VWAP=1;BIAS=1,0.00,0.00,23375.21,23375.21,already positioned that way
395,2025.06.02 01:00:00,2025.06.02 03:30:00,WEEK_SUMMARY,XAUUSD,M5,87,FLAT,NA,DAY,0,0.00,0.00,0.00,0.00,1.00,0.00,0.00,0.00,0.00,0.00,0.00,0.00,0.00,0.00,0.00,0.00,-1.01,-116.35,3292.10,3292.35,3294.48,3292.24,3292.43,-1.278,1.66,31.27,35.64,35.64,-0.73,-0.37,-0.36,3296.09,3288.72,94,253,0.0,85.7,9,1,CROSS=EMA9<EMA21;TREND=1;STRUCT=1;VOL=1;COOL=1;EMA50=1;VWAP=1;BIAS=1,0.00,0.00,23375.21,23375.21,days=1 trades=1 W=0 L=1 gross_profit=0.00 gross_loss=116.35 net=-116.35 PF=0.00 pips=-547.0
396,2025.06.02 01:00:00,2025.06.02 03:30:00,MONTH_SUMMARY,XAUUSD,M5,87,FLAT,NA,DAY,0,0.00,0.00,0.00,0.00,1.00,0.00,0.00,0.00,0.00,0.00,0.00,0.00,0.00,0.00,0.00,0.00,4.58,509.93,3292.10,3292.35,3294.48,3292.24,3292.43,-1.278,1.66,31.27,35.64,35.64,-0.73,-0.37,-0.36,3296.09,3288.72,94,253,0.0,85.7,9,1,CROSS=EMA9<EMA21;TREND=1;STRUCT=1;VOL=1;COOL=1;EMA50=1;VWAP=1;BIAS=1,0.00,0.00,23375.21,23375.21,days=5 trades=8 W=2 L=6 gross_profit=1119.03 gross_loss=609.10 net=509.93 PF=1.84 pips=763.0
397,2025.06.02 01:10:00,2025.06.02 03:40:00,SKIP,XAUUSD,M5,87,FLAT,NA,DAY,0,0.00,0.00,0.00,0.00,1.00,0.00,0.00,0.00,0.00,0.00,0.00,0.00,0.00,0.00,0.00,0.00,0.00,0.00,3293.15,3292.88,3294.70,3292.53,3292.57,-0.618,2.95,25.21,75.88,75.88,1.44,-0.19,1.63,3304.06,3308.16,689,298,100.0,0.0,5,1,CROSS=EMA9<EMA21;TREND=1;STRUCT=1;VOL=1;COOL=1;EMA50=1;VWAP=1;BIAS=1,0.00,0.00,23375.21,23375.21,outside the killzone window
398,2025.06.03 05:55:00,2025.06.03 08:25:00,SKIP,XAUUSD,M5,87,FLAT,NA,DAY,0,0.00,0.00,0.00,0.00,1.00,0.00,0.00,0.00,0.00,0.00,0.00,0.00,0.00,0.00,0.00,0.00,0.00,0.00,3375.59,3375.62,3367.39,3375.67,3375.66,2.297,3.58,23.10,50.93,50.93,-1.59,-1.71,0.12,3376.36,3373.75,704,769,42.9,28.6,5,1,CROSS=EMA9<EMA21;TREND=1;STRUCT=1;VOL=1;COOL=1;EMA50=1;VWAP=1;BIAS=1,0.00,0.00,23375.21,23375.21,already positioned that way
399,2025.06.04 01:25:00,2025.06.04 03:55:00,SKIP,XAUUSD,M5,87,FLAT,NA,DAY,0,0.00,0.00,0.00,0.00,1.00,0.00,0.00,0.00,0.00,0.00,0.00,0.00,0.00,0.00,0.00,0.00,0.00,0.00,3353.56,3353.48,3355.45,3353.39,3353.40,-1.884,1.04,33.86,67.05,67.05,0.98,0.54,0.44,3356.59,3357.65,265,195,100.0,0.0,9,1,CROSS=EMA9<EMA21;TREND=1;STRUCT=1;VOL=1;COOL=1;EMA50=1;VWAP=1;BIAS=1,0.00,0.00,23375.21,23375.21,outside the killzone window
400,2025.06.04 08:35:00,2025.06.04 11:05:00,SKIP,XAUUSD,M5,87,FLAT,NA,DAY,0,0.00,0.00,0.00,0.00,1.00,0.00,0.00,0.00,0.00,0.00,0.00,0.00,0.00,0.00,0.00,0.00,0.00,0.00,3358.63,3358.65,3358.10,3358.94,3358.80,0.210,2.60,50.24,31.63,31.63,-2.78,-2.55,-0.24,3360.31,3351.04,779,433,0.0,100.0,11,1,CROSS=EMA9<EMA21;TREND=1;STRUCT=1;VOL=1;COOL=1;EMA50=1;VWAP=1;BIAS=1,0.00,0.00,23375.21,23375.21,outside the killzone window
401,2025.06.04 12:05:00,2025.06.04 14:35:00,SKIP,XAUUSD,M5,87,FLAT,NA,DAY,0,0.00,0.00,0.00,0.00,1.00,0.00,0.00,0.00,0.00,0.00,0.00,0.00,0.00,0.00,0.00,0.00,0.00,0.00,3357.93,3357.87,3357.73,3357.74,3357.77,0.060,2.37,34.22,64.57,64.57,1.23,0.22,1.00,3358.81,3362.54,615,600,85.7,14.3,5,1,CROSS=EMA9<EMA21;TREND=1;STRUCT=1;VOL=1;COOL=1;EMA50=1;VWAP=1;BIAS=1,0.00,0.00,23375.21,23375.21,outside the killzone window
402,2025.06.04 14:05:00,2025.06.04 16:35:00,SKIP,XAUUSD,M5,87,FLAT,NA,EVENING,0,0.00,0.00,0.00,0.00,1.00,0.00,0.00,0.00,0.00,0.00,0.00,0.00,0.00,0.00,0.00,0.00,0.00,0.00,3357.98,3358.14,3357.96,3358.31,3358.30,0.067,2.57,53.76,25.53,25.53,-2.34,-0.88,-1.46,3358.78,3349.93,559,548,0.0,100.0,5,1,CROSS=EMA9<EMA21;TREND=1;STRUCT=1;VOL=1;COOL=1;EMA50=1;VWAP=1;BIAS=1,0.00,0.00,23375.21,23375.21,outside the killzone window
403,2025.06.04 17:25:00,2025.06.04 19:55:00,SKIP,XAUUSD,M5,87,FLAT,NA,EVENING,0,0.00,0.00,0.00,0.00,1.00,0.00,0.00,0.00,0.00,0.00,0.00,0.00,0.00,0.00,0.00,0.00,0.00,0.00,3356.69,3356.61,3356.94,3356.29,3356.41,-0.070,4.67,36.64,66.87,66.87,2.64,1.09,1.55,3357.59,3366.64,970,990,85.7,0.0,5,1,CROSS=EMA9<EMA21;TREND=1;STRUCT=1;VOL=1;COOL=1;EMA50=1;VWAP=1;BIAS=1,0.00,0.00,23375.21,23375.21,outside the killzone window
404,2025.06.05 07:20:00,2025.06.05 09:50:00,SKIP,XAUUSD,M5,87,FLAT,NA,DAY,0,0.00,0.00,0.00,0.00,1.00,0.00,0.00,0.00,0.00,0.00,0.00,0.00,0.00,0.00,0.00,0.00,0.00,0.00,3373.26,3373.32,3370.79,3373.45,3373.41,1.058,2.38,19.82,39.16,39.16,-0.89,-0.33,-0.56,3374.67,3368.66,687,425,0.0,85.7,7,1,CROSS=EMA9<EMA21;TREND=1;STRUCT=1;VOL=1;COOL=1;EMA50=1;VWAP=1;BIAS=1,0.00,0.00,23375.21,23375.21,outside the killzone window
405,2025.06.05 12:00:00,2025.06.05 14:30:00,SKIP,XAUUSD,M5,87,FLAT,NA,DAY,0,0.00,0.00,0.00,0.00,1.00,0.00,0.00,0.00,0.00,0.00,0.00,0.00,0.00,0.00,0.00,0.00,0.00,0.00,3371.17,3371.11,3370.28,3371.01,3371.03,0.430,1.94,28.41,62.36,62.36,1.57,1.31,0.26,3371.99,3375.24,539,493,85.7,14.3,10,1,CROSS=EMA9<EMA21;TREND=1;STRUCT=1;VOL=1;COOL=1;EMA50=1;VWAP=1;BIAS=1,0.00,0.00,23375.21,23375.21,outside the killzone window
406,2025.06.05 18:05:00,2025.06.05 20:35:00,SKIP,XAUUSD,M5,87,FLAT,NA,EVENING,0,0.00,0.00,0.00,0.00,1.00,0.00,0.00,0.00,0.00,0.00,0.00,0.00,0.00,0.00,0.00,0.00,0.00,0.00,3381.24,3381.39,3378.30,3381.74,3381.63,0.467,6.59,24.07,37.85,37.85,-4.34,-3.44,-0.90,3379.34,3369.08,1229,1302,0.0,71.4,5,1,CROSS=EMA9<EMA21;TREND=1;STRUCT=1;VOL=1;COOL=1;EMA50=1;VWAP=1;BIAS=1,0.00,0.00,23375.21,23375.21,outside the killzone window
407,2025.06.06 05:20:00,2025.06.06 07:50:00,ENTRY,XAUUSD,M5,89,BUY,FULLTGT,DAY,0,3364.72,3359.54,3359.54,5.18,1.00,5.18,3369.90,3375.07,3380.25,3385.42,3390.60,0.22,0.22,0.22,3364.72,0.00,0.00,0.00,3361.43,3361.38,3364.13,3361.30,3361.31,-1.065,2.59,14.75,57.63,57.63,0.90,0.88,0.02,3361.52,3364.67,359,629,71.4,0.0,5,1,CROSS=EMA9>EMA21;TREND=1;STRUCT=1;VOL=1;COOL=1;EMA50=1;VWAP=1;BIAS=1,0.00,0.00,23374.44,23373.34,KZ=ASIA; KZR=Asia H @ 3388.65 201 bars ago (high taken); DAY 12AM-4PM IST session: stop x1.00 of usual; no partials; full size to TP5; SL steps BE->TP1->TP2->TP3
408,2025.06.06 06:11:00,2025.06.06 08:41:00,EXIT_SL,XAUUSD,M5,89,BUY,FULLTGT,DAY,0,3364.72,3359.54,3359.54,5.18,1.00,5.18,3369.90,3375.07,3380.25,3385.42,3390.60,0.22,0.22,0.00,3359.50,0.00,-1.01,-116.38,3362.22,3361.82,3364.10,3362.21,3361.81,-1.059,2.15,16.05,46.20,46.20,0.35,0.68,-0.32,3361.92,3362.31,397,550,28.6,42.9,7,1,CROSS=EMA9>EMA21;TREND=1;STRUCT=1;VOL=1;COOL=1;EMA50=1;VWAP=1;BIAS=1,0.34,-0.99,23258.83,23258.83,stopped at the initial SL (x1.00 of usual)
409,2025.06.06 10:35:00,2025.06.06 13:05:00,SKIP,XAUUSD,M5,89,FLAT,NA,DAY,0,0.00,0.00,0.00,0.00,1.00,0.00,0.00,0.00,0.00,0.00,0.00,0.00,0.00,0.00,0.00,0.00,0.00,0.00,3364.25,3364.34,3364.98,3364.44,3364.44,-0.211,3.04,37.98,40.71,40.71,-2.01,-2.28,0.26,3363.78,3359.57,561,823,14.3,71.4,5,1,CROSS=EMA9>EMA21;TREND=1;STRUCT=1;VOL=1;COOL=1;EMA50=1;VWAP=1;BIAS=1,0.00,0.00,23258.83,23258.83,outside the killzone window
410,2025.06.09 01:00:00,2025.06.09 03:30:00,DAY_SUMMARY,XAUUSD,M5,89,FLAT,NA,DAY,0,0.00,0.00,0.00,0.00,1.00,0.00,0.00,0.00,0.00,0.00,0.00,0.00,0.00,0.00,0.00,0.00,-1.01,-116.38,3317.56,3326.19,3337.90,3317.78,3326.47,-6.941,1.69,29.92,44.04,44.04,-1.72,-2.40,0.68,3348.84,3312.12,116,334,14.3,71.4,9,1,CROSS=EMA9>EMA21;TREND=1;STRUCT=1;VOL=1;COOL=1;EMA50=1;VWAP=1;BIAS=1,0.00,0.00,23258.83,23258.83,2025.06.06 trades=1 W=0 L=1 gross_profit=0.00 gross_loss=116.38 net=-116.38 PF=0.00
411,2025.06.09 01:00:00,2025.06.09 03:30:00,WEEK_SUMMARY,XAUUSD,M5,89,FLAT,NA,DAY,0,0.00,0.00,0.00,0.00,1.00,0.00,0.00,0.00,0.00,0.00,0.00,0.00,0.00,0.00,0.00,0.00,-1.01,-116.38,3317.56,3326.19,3337.90,3317.78,3326.47,-6.941,1.69,29.92,44.04,44.04,-1.72,-2.40,0.68,3348.84,3312.12,116,334,14.3,71.4,9,1,CROSS=EMA9>EMA21;TREND=1;STRUCT=1;VOL=1;COOL=1;EMA50=1;VWAP=1;BIAS=1,0.00,0.00,23258.83,23258.83,days=1 trades=1 W=0 L=1 gross_profit=0.00 gross_loss=116.38 net=-116.38 PF=0.00 pips=-522.0
412,2025.06.09 10:00:00,2025.06.09 12:30:00,SKIP,XAUUSD,M5,89,FLAT,NA,DAY,0,0.00,0.00,0.00,0.00,1.00,0.00,0.00,0.00,0.00,0.00,0.00,0.00,0.00,0.00,0.00,0.00,0.00,0.00,3313.90,3313.72,3320.42,3313.47,3313.50,-2.872,2.33,51.32,73.69,73.69,2.87,2.27,0.59,3310.02,3324.40,717,576,100.0,0.0,11,1,CROSS=EMA9>EMA21;TREND=1;STRUCT=1;VOL=1;COOL=1;EMA50=1;VWAP=1;BIAS=1,0.00,0.00,23258.83,23258.83,outside the killzone window
413,2025.06.09 16:35:00,2025.06.09 19:05:00,SKIP,XAUUSD,M5,89,FLAT,NA,EVENING,0,0.00,0.00,0.00,0.00,1.00,0.00,0.00,0.00,0.00,0.00,0.00,0.00,0.00,0.00,0.00,0.00,0.00,0.00,3317.40,3317.42,3319.60,3317.45,3317.44,-0.682,3.21,26.94,48.44,48.44,-0.77,-0.19,-0.58,3314.38,3316.19,1136,779,28.6,71.4,9,1,CROSS=EMA9>EMA21;TREND=1;STRUCT=1;VOL=1;COOL=1;EMA50=1;VWAP=1;BIAS=1,0.00,0.00,23258.83,23258.83,outside the killzone window
414,2025.06.09 17:05:00,2025.06.09 19:35:00,SKIP,XAUUSD,M5,89,FLAT,NA,EVENING,0,0.00,0.00,0.00,0.00,1.00,0.00,0.00,0.00,0.00,0.00,0.00,0.00,0.00,0.00,0.00,0.00,0.00,0.00,3317.48,3317.44,3319.49,3317.33,3317.37,-0.549,3.72,17.77,58.81,58.81,0.28,-0.57,0.85,3314.55,3321.18,1012,908,85.7,0.0,5,1,CROSS=EMA9>EMA21;TREND=1;STRUCT=1;VOL=1;COOL=1;EMA50=1;VWAP=1;BIAS=1,0.00,0.00,23258.83,23258.83,outside the killzone window
415,2025.06.10 03:05:00,2025.06.10 05:35:00,ENTRY,XAUUSD,M5,91,SELL,FULLTGT,DAY,0,3321.50,3324.61,3324.61,3.11,1.00,3.11,3318.39,3315.27,3312.16,3309.05,3305.94,0.37,0.37,0.37,3321.50,0.00,0.00,0.00,3326.74,3326.82,3325.51,3326.96,3326.92,0.843,1.56,23.95,34.01,34.01,-0.39,-0.36,-0.02,3324.84,3321.54,531,239,0.0,85.7,12,1,CROSS=EMA9<EMA21;TREND=1;STRUCT=1;VOL=1;COOL=1;EMA50=1;VWAP=1;BIAS=1,0.00,0.00,23257.53,23253.09,KZ=ASIA; KZR=Asia L @ 3301.48 279 bars ago (low taken); DAY 12AM-4PM IST session: stop x1.00 of usual; no partials; full size to TP5; SL steps BE->TP1->TP2->TP3
416,2025.06.10 03:19:04,2025.06.10 05:49:04,EXIT_SL,XAUUSD,M5,91,SELL,FULLTGT,DAY,0,3321.50,3324.61,3324.61,3.11,1.00,3.11,3318.39,3315.27,3312.16,3309.05,3305.94,0.37,0.37,0.00,3324.65,0.00,-1.01,-119.15,3326.38,3326.63,3325.44,3326.50,3326.69,0.681,1.75,21.89,44.40,44.40,-0.77,-0.39,-0.38,3324.37,3323.56,556,268,14.3,71.4,5,1,CROSS=EMA9<EMA21;TREND=1;STRUCT=1;VOL=1;COOL=1;EMA50=1;VWAP=1;BIAS=1,0.49,-0.99,23139.68,23139.68,stopped at the initial SL (x1.00 of usual)
417,2025.06.10 10:00:00,2025.06.10 12:30:00,SKIP,XAUUSD,M5,91,FLAT,NA,DAY,0,0.00,0.00,0.00,0.00,1.00,0.00,0.00,0.00,0.00,0.00,0.00,0.00,0.00,0.00,0.00,0.00,0.00,0.00,3316.69,3316.54,3318.60,3316.34,3316.36,-0.656,3.14,47.95,66.17,66.17,4.62,4.34,0.28,3314.91,3325.48,765,815,85.7,0.0,8,1,CROSS=EMA9<EMA21;TREND=1;STRUCT=1;VOL=1;COOL=1;EMA50=1;VWAP=1;BIAS=1,0.00,0.00,23139.68,23139.68,outside the killzone window
418,2025.06.10 19:30:00,2025.06.10 22:00:00,SKIP,XAUUSD,M5,91,FLAT,NA,EVENING,0,0.00,0.00,0.00,0.00,1.00,0.00,0.00,0.00,0.00,0.00,0.00,0.00,0.00,0.00,0.00,0.00,0.00,0.00,3330.26,3330.40,3328.00,3330.56,3330.55,0.840,2.86,36.80,37.01,37.01,-2.82,-2.74,-0.08,3325.46,3322.95,556,763,0.0,85.7,5,1,CROSS=EMA9<EMA21;TREND=1;STRUCT=1;VOL=1;COOL=1;EMA50=1;VWAP=1;BIAS=1,0.00,0.00,23139.68,23139.68,outside the killzone window
419,2025.06.11 01:00:00,2025.06.11 03:30:00,DAY_SUMMARY,XAUUSD,M5,91,FLAT,NA,DAY,0,0.00,0.00,0.00,0.00,1.00,0.00,0.00,0.00,0.00,0.00,0.00,0.00,0.00,0.00,0.00,0.00,-1.01,-119.15,3326.11,3327.03,3326.79,3326.26,3327.12,0.132,1.82,31.38,35.96,35.96,-0.96,-0.11,-0.85,3325.39,3322.40,199,420,0.0,85.7,9,1,CROSS=EMA9<EMA21;TREND=1;STRUCT=1;VOL=1;COOL=1;EMA50=1;VWAP=1;BIAS=1,0.00,0.00,23139.68,23139.68,2025.06.10 trades=1 W=0 L=1 gross_profit=0.00 gross_loss=119.15 net=-119.15 PF=0.00
420,2025.06.11 03:45:00,2025.06.11 06:15:00,ENTRY,XAUUSD,M5,93,BUY,FULLTGT,DAY,0,3333.44,3328.04,3328.04,5.40,1.00,5.40,3338.84,3344.24,3349.64,3355.03,3360.43,0.21,0.21,0.21,3333.44,0.00,0.00,0.00,3326.76,3326.73,3326.60,3326.49,3326.59,0.048,2.70,34.69,66.75,66.75,2.23,1.32,0.91,3326.24,3333.37,651,486,85.7,14.3,5,1,CROSS=EMA9>EMA21;TREND=1;STRUCT=1;VOL=1;COOL=1;EMA50=1;VWAP=1;BIAS=1,0.00,0.00,23138.94,23137.89,KZ=ASIA; KZR=Asia L @ 3301.48 575 bars ago (low taken); DAY 12AM-4PM IST session: stop x1.00 of usual; no partials; full size to TP5; SL steps BE->TP1->TP2->TP3
421,2025.06.11 04:57:03,2025.06.11 07:27:03,EXIT_SL,XAUUSD,M5,93,BUY,FULLTGT,DAY,0,3333.44,3328.04,3328.04,5.40,1.00,5.40,3338.84,3344.24,3349.64,3355.03,3360.43,0.21,0.21,0.00,3328.01,0.00,-1.01,-115.51,3329.57,3328.34,3327.48,3329.61,3328.34,0.360,2.39,29.13,42.28,42.28,1.28,2.11,-0.83,3328.92,3328.59,709,557,14.3,85.7,5,1,CROSS=EMA9>EMA21;TREND=1;STRUCT=1;VOL=1;COOL=1;EMA50=1;VWAP=1;BIAS=1,0.74,-1.00,23024.17,23024.17,stopped at the initial SL (x1.00 of usual)
422,2025.06.11 14:05:00,2025.06.11 16:35:00,SKIP,XAUUSD,M5,93,FLAT,NA,EVENING,0,0.00,0.00,0.00,0.00,1.00,0.00,0.00,0.00,0.00,0.00,0.00,0.00,0.00,0.00,0.00,0.00,0.00,0.00,3336.68,3336.84,3334.69,3337.07,3337.04,0.864,2.49,60.75,25.84,25.84,-2.75,-2.32,-0.43,3335.65,3327.11,577,546,0.0,100.0,7,1,CROSS=EMA9>EMA21;TREND=1;STRUCT=1;VOL=1;COOL=1;EMA50=1;VWAP=1;BIAS=1,0.00,0.00,23024.17,23024.17,outside the killzone window
423,2025.06.11 15:40:00,2025.06.11 18:10:00,SKIP,XAUUSD,M5,93,FLAT,NA,EVENING,0,0.00,0.00,0.00,0.00,1.00,0.00,0.00,0.00,0.00,0.00,0.00,0.00,0.00,0.00,0.00,0.00,0.00,0.00,3336.87,3336.68,3334.92,3336.04,3336.27,0.371,4.76,37.67,79.85,79.85,3.73,0.43,3.30,3335.93,3357.09,1430,786,100.0,0.0,7,1,CROSS=EMA9>EMA21;TREND=1;STRUCT=1;VOL=1;COOL=1;EMA50=1;VWAP=1;BIAS=1,0.00,0.00,23024.17,23024.17,outside the killzone window
424,2025.06.11 17:15:00,2025.06.11 19:45:00,SKIP,XAUUSD,M5,93,FLAT,NA,EVENING,0,0.00,0.00,0.00,0.00,1.00,0.00,0.00,0.00,0.00,0.00,0.00,0.00,0.00,0.00,0.00,0.00,0.00,0.00,3336.92,3336.95,3335.42,3337.15,3337.06,0.305,5.01,30.87,42.34,42.34,-1.90,-0.68,-1.22,3336.43,3331.44,995,1234,0.0,85.7,5,1,CROSS=EMA9>EMA21;TREND=1;STRUCT=1;VOL=1;COOL=1;EMA50=1;VWAP=1;BIAS=1,0.00,0.00,23024.17,23024.17,outside the killzone window
425,2025.06.11 18:10:00,2025.06.11 20:40:00,SKIP,XAUUSD,M5,93,FLAT,NA,EVENING,0,0.00,0.00,0.00,0.00,1.00,0.00,0.00,0.00,0.00,0.00,0.00,0.00,0.00,0.00,0.00,0.00,0.00,0.00,3336.94,3336.93,3335.56,3336.82,3336.87,0.403,3.40,20.18,55.64,55.64,0.28,-0.60,0.88,3336.44,3339.69,850,1019,71.4,0.0,7,1,CROSS=EMA9>EMA21;TREND=1;STRUCT=1;VOL=1;COOL=1;EMA50=1;VWAP=1;BIAS=1,0.00,0.00,23024.17,23024.17,outside the killzone window
426,2025.06.11 19:00:00,2025.06.11 21:30:00,SKIP,XAUUSD,M5,93,FLAT,NA,EVENING,0,0.00,0.00,0.00,0.00,1.00,0.00,0.00,0.00,0.00,0.00,0.00,0.00,0.00,0.00,0.00,0.00,0.00,0.00,3336.95,3336.97,3335.72,3337.10,3337.05,0.398,3.14,33.72,41.76,41.76,-0.63,0.41,-1.04,3336.49,3333.14,623,803,0.0,85.7,8,1,CROSS=EMA9>EMA21;TREND=1;STRUCT=1;VOL=1;COOL=1;EMA50=1;VWAP=1;BIAS=1,0.00,0.00,23024.17,23024.17,outside the killzone window
427,2025.06.11 22:10:00,2025.06.12 00:40:00,SKIP,XAUUSD,M5,93,FLAT,NA,DAY,0,0.00,0.00,0.00,0.00,1.00,0.00,0.00,0.00,0.00,0.00,0.00,0.00,0.00,0.00,0.00,0.00,0.00,0.00,3335.45,3335.34,3334.99,3335.13,3335.19,0.079,4.54,46.11,63.41,63.41,3.55,3.14,0.41,3335.97,3343.18,502,804,85.7,0.0,6,1,CROSS=EMA9>EMA21;TREND=1;STRUCT=1;VOL=1;COOL=1;EMA50=1;VWAP=1;BIAS=1,0.00,0.00,23024.17,23024.17,outside the killzone window
428,2025.06.12 01:00:00,2025.06.12 03:30:00,DAY_SUMMARY,XAUUSD,M5,93,FLAT,NA,DAY,0,0.00,0.00,0.00,0.00,1.00,0.00,0.00,0.00,0.00,0.00,0.00,0.00,0.00,0.00,0.00,0.00,-1.01,-115.51,3343.79,3340.32,3337.78,3343.34,3340.03,1.275,1.99,72.31,69.40,69.40,3.47,3.31,0.16,3336.60,3354.82,211,392,85.7,0.0,9,1,CROSS=EMA9>EMA21;TREND=1;STRUCT=1;VOL=1;COOL=1;EMA50=1;VWAP=1;BIAS=1,0.00,0.00,23024.17,23024.17,2025.06.11 trades=1 W=0 L=1 gross_profit=0.00 gross_loss=115.51 net=-115.51 PF=0.00
429,2025.06.12 11:10:00,2025.06.12 13:40:00,SKIP,XAUUSD,M5,93,FLAT,NA,DAY,0,0.00,0.00,0.00,0.00,1.00,0.00,0.00,0.00,0.00,0.00,0.00,0.00,0.00,0.00,0.00,0.00,0.00,0.00,3365.53,3365.61,3359.61,3366.19,3365.94,1.111,5.39,35.47,31.68,31.68,-6.86,-4.57,-2.29,3367.68,3349.41,1012,834,0.0,100.0,5,1,CROSS=EMA9>EMA21;TREND=1;STRUCT=1;VOL=1;COOL=1;EMA50=1;VWAP=1;BIAS=1,0.00,0.00,23024.17,23024.17,outside the killzone window
430,2025.06.12 13:35:00,2025.06.12 16:05:00,SKIP,XAUUSD,M5,93,FLAT,NA,EVENING,0,0.00,0.00,0.00,0.00,1.00,0.00,0.00,0.00,0.00,0.00,0.00,0.00,0.00,0.00,0.00,0.00,0.00,0.00,3364.92,3364.74,3360.50,3364.23,3364.39,1.058,4.01,32.61,78.38,78.38,4.34,1.98,2.36,3366.48,3381.89,1025,693,100.0,0.0,6,1,CROSS=EMA9>EMA21;TREND=1;STRUCT=1;VOL=1;COOL=1;EMA50=1;VWAP=1;BIAS=1,0.00,0.00,23024.17,23024.17,outside the killzone window
431,2025.06.16 01:00:00,2025.06.16 03:30:00,WEEK_SUMMARY,XAUUSD,M5,93,FLAT,NA,DAY,0,0.00,0.00,0.00,0.00,1.00,0.00,0.00,0.00,0.00,0.00,0.00,0.00,0.00,0.00,0.00,0.00,-2.02,-234.66,3432.52,3430.73,3425.23,3432.45,3430.66,2.719,2.02,23.03,53.73,53.73,-0.08,-0.22,0.14,3424.96,3434.15,155,443,71.4,0.0,12,1,CROSS=EMA9>EMA21;TREND=1;STRUCT=1;VOL=1;COOL=1;EMA50=1;VWAP=1;BIAS=1,0.00,0.00,23024.17,23024.17,days=2 trades=2 W=0 L=2 gross_profit=0.00 gross_loss=234.66 net=-234.66 PF=0.00 pips=-858.0
432,2025.06.16 07:20:00,2025.06.16 09:50:00,SKIP,XAUUSD,M5,93,FLAT,NA,DAY,0,0.00,0.00,0.00,0.00,1.00,0.00,0.00,0.00,0.00,0.00,0.00,0.00,0.00,0.00,0.00,0.00,0.00,0.00,3437.58,3437.65,3433.39,3437.85,3437.79,1.653,2.58,45.28,33.75,33.75,-2.81,-2.46,-0.35,3441.54,3430.85,249,461,0.0,85.7,8,1,CROSS=EMA9>EMA21;TREND=1;STRUCT=1;VOL=1;COOL=1;EMA50=1;VWAP=1;BIAS=1,0.00,0.00,23024.17,23024.17,outside the killzone window
433,2025.06.17 05:50:00,2025.06.17 08:20:00,SKIP,XAUUSD,M5,93,FLAT,NA,DAY,0,0.00,0.00,0.00,0.00,1.00,0.00,0.00,0.00,0.00,0.00,0.00,0.00,0.00,0.00,0.00,0.00,0.00,0.00,3396.68,3396.66,3401.27,3396.56,3396.60,-1.810,2.54,20.71,56.96,56.96,0.20,-0.26,0.46,3397.09,3399.62,489,533,71.4,0.0,5,1,CROSS=EMA9>EMA21;TREND=1;STRUCT=1;VOL=1;COOL=1;EMA50=1;VWAP=1;BIAS=1,0.00,0.00,23024.17,23024.17,already positioned that way
434,2025.06.17 05:55:00,2025.06.17 08:25:00,ENTRY,XAUUSD,M5,95,SELL,FULLTGT,DAY,0,3393.85,3399.63,3399.63,5.78,1.00,5.78,3388.07,3382.28,3376.50,3370.71,3364.93,0.19,0.19,0.19,3393.85,0.00,0.00,0.00,3396.57,3396.61,3401.19,3396.68,3396.66,-1.585,2.89,18.74,41.22,41.22,-0.13,-0.22,0.09,3397.05,3393.85,825,541,14.3,71.4,9,1,CROSS=EMA9<EMA21;TREND=1;STRUCT=1;VOL=1;COOL=1;EMA50=1;VWAP=1;BIAS=1,0.00,0.00,23023.50,23021.79,KZ=ASIA; KZR=Asia H @ 3444.56 1023 bars ago (high taken); DAY 12AM-4PM IST session: stop x1.00 of usual; no partials; full size to TP5; SL steps BE->TP1->TP2->TP3
435,2025.06.17 06:05:28,2025.06.17 08:35:28,TP1_REACHED,XAUUSD,M5,95,SELL,FULLTGT,DAY,0,3393.85,3399.63,3399.63,5.78,1.00,5.78,3388.07,3382.28,3376.50,3370.71,3364.93,0.19,0.00,0.19,3388.07,1.00,1.00,0.00,3396.00,3396.32,3400.96,3396.31,3396.48,-1.502,3.09,21.05,32.12,32.12,-1.24,-0.32,-0.91,3396.75,3388.48,666,562,0.0,85.7,11,1,CROSS=EMA9<EMA21;TREND=1;STRUCT=1;VOL=1;COOL=1;EMA50=1;VWAP=1;BIAS=1,1.00,-0.21,23023.50,23134.46,full target: no partial booked
436,2025.06.17 06:11:40,2025.06.17 08:41:40,TP2_REACHED,XAUUSD,M5,95,SELL,FULLTGT,DAY,0,3393.85,3399.63,3399.63,5.78,1.00,5.78,3388.07,3382.28,3376.50,3370.71,3364.93,0.19,0.00,0.19,3382.28,2.00,2.00,0.00,3395.59,3396.10,3400.80,3396.00,3396.32,-1.422,3.30,24.47,28.15,28.15,-1.90,-0.49,-1.41,3396.52,3385.45,708,572,0.0,85.7,6,1,CROSS=EMA9<EMA21;TREND=1;STRUCT=1;VOL=1;COOL=1;EMA50=1;VWAP=1;BIAS=1,1.99,-0.21,23023.50,23243.71,full target: no partial booked
437,2025.06.17 06:23:31,2025.06.17 08:53:31,TP3_REACHED,XAUUSD,M5,95,SELL,FULLTGT,DAY,0,3393.85,3399.63,3399.63,5.78,1.00,5.78,3388.07,3382.28,3376.50,3370.71,3364.93,0.19,0.00,0.19,3376.50,3.00,3.00,0.00,3394.64,3395.60,3400.46,3395.17,3395.88,-1.405,3.46,32.31,23.92,23.92,-3.09,-1.05,-2.04,3395.92,3381.68,635,591,0.0,100.0,5,1,CROSS=EMA9<EMA21;TREND=1;STRUCT=1;VOL=1;COOL=1;EMA50=1;VWAP=1;BIAS=1,3.00,-0.21,23023.50,23355.05,full target: no partial booked
438,2025.06.17 14:10:37,2025.06.17 16:40:37,EXIT_SL,XAUUSD,M5,95,SELL,FULLTGT,EVENING,0,3393.85,3399.63,3399.63,5.78,1.00,5.78,3388.07,3382.28,3376.50,3370.71,3364.93,0.19,0.19,0.00,3399.65,0.00,-1.00,-111.54,3389.47,3389.64,3393.10,3389.14,3389.48,-1.268,2.72,53.73,66.94,66.94,3.60,3.09,0.51,3390.87,3397.70,674,683,71.4,14.3,10,1,CROSS=EMA9<EMA21;TREND=1;STRUCT=1;VOL=1;COOL=1;EMA50=1;VWAP=1;BIAS=1,3.43,-0.99,22912.63,22912.63,stopped at the initial SL (x1.00 of usual)
439,2025.06.17 14:15:00,2025.06.17 16:45:00,SKIP,XAUUSD,M5,95,FLAT,NA,EVENING,0,0.00,0.00,0.00,0.00,1.00,0.00,0.00,0.00,0.00,0.00,0.00,0.00,0.00,0.00,0.00,0.00,0.00,0.00,3389.82,3389.81,3393.15,3389.47,3389.64,-1.188,2.81,54.64,67.96,67.96,3.60,3.24,0.35,3390.94,3398.31,735,687,100.0,0.0,5,1,CROSS=EMA9<EMA21;TREND=1;STRUCT=1;VOL=1;COOL=1;EMA50=1;VWAP=1;BIAS=1,0.00,0.00,22912.63,22912.63,outside the killzone window
440,2025.06.17 15:40:00,2025.06.17 18:10:00,SKIP,XAUUSD,M5,95,FLAT,NA,EVENING,0,0.00,0.00,0.00,0.00,1.00,0.00,0.00,0.00,0.00,0.00,0.00,0.00,0.00,0.00,0.00,0.00,0.00,0.00,3389.94,3389.97,3392.73,3390.03,3390.01,-0.730,3.79,30.41,44.06,44.06,-1.09,-0.60,-0.48,3390.84,3387.75,1160,740,0.0,100.0,5,1,CROSS=EMA9<EMA21;TREND=1;STRUCT=1;VOL=1;COOL=1;EMA50=1;VWAP=1;BIAS=1,0.00,0.00,22912.63,22912.63,outside the killzone window
441,2025.06.17 16:25:00,2025.06.17 18:55:00,SKIP,XAUUSD,M5,95,FLAT,NA,EVENING,0,0.00,0.00,0.00,0.00,1.00,0.00,0.00,0.00,0.00,0.00,0.00,0.00,0.00,0.00,0.00,0.00,0.00,0.00,3390.00,3389.97,3392.49,3389.79,3389.86,-0.645,3.91,33.69,62.30,62.30,0.44,-0.83,1.27,3390.73,3395.17,833,875,85.7,0.0,5,1,CROSS=EMA9<EMA21;TREND=1;STRUCT=1;VOL=1;COOL=1;EMA50=1;VWAP=1;BIAS=1,0.00,0.00,22912.63,22912.63,outside the killzone window
442,2025.06.17 17:30:00,2025.06.17 20:00:00,SKIP,XAUUSD,M5,95,FLAT,NA,EVENING,0,0.00,0.00,0.00,0.00,1.00,0.00,0.00,0.00,0.00,0.00,0.00,0.00,0.00,0.00,0.00,0.00,0.00,0.00,3389.91,3389.98,3392.20,3390.15,3390.11,-0.510,4.35,30.36,37.80,37.80,-1.15,0.00,-1.15,3390.69,3383.89,1068,1021,0.0,100.0,5,1,CROSS=EMA9<EMA21;TREND=1;STRUCT=1;VOL=1;COOL=1;EMA50=1;VWAP=1;BIAS=1,0.00,0.00,22912.63,22912.63,outside the killzone window
443,2025.06.18 01:00:00,2025.06.18 03:30:00,DAY_SUMMARY,XAUUSD,M5,95,FLAT,NA,DAY,0,0.00,0.00,0.00,0.00,1.00,0.00,0.00,0.00,0.00,0.00,0.00,0.00,0.00,0.00,0.00,0.00,-1.00,-111.54,3386.07,3386.35,3388.30,3385.97,3386.31,-1.084,1.80,37.96,57.72,57.72,0.54,-0.08,0.62,3388.73,3388.47,231,295,57.1,28.6,7,1,CROSS=EMA9<EMA21;TREND=1;STRUCT=1;VOL=1;COOL=1;EMA50=1;VWAP=1;BIAS=1,0.00,0.00,22912.63,22912.63,2025.06.17 trades=1 W=0 L=1 gross_profit=0.00 gross_loss=111.54 net=-111.54 PF=0.00
444,2025.06.18 01:10:00,2025.06.18 03:40:00,SKIP,XAUUSD,M5,95,FLAT,NA,DAY,0,0.00,0.00,0.00,0.00,1.00,0.00,0.00,0.00,0.00,0.00,0.00,0.00,0.00,0.00,0.00,0.00,0.00,0.00,3386.71,3386.67,3388.42,3386.44,3386.53,-0.816,2.15,46.84,64.59,64.59,1.52,0.34,1.18,3394.01,3393.33,293,293,71.4,14.3,5,1,CROSS=EMA9<EMA21;TREND=1;STRUCT=1;VOL=1;COOL=1;EMA50=1;VWAP=1;BIAS=1,0.00,0.00,22912.63,22912.63,outside the killzone window
445,2025.06.18 04:00:00,2025.06.18 06:30:00,SKIP,XAUUSD,M5,95,FLAT,NA,DAY,0,0.00,0.00,0.00,0.00,1.00,0.00,0.00,0.00,0.00,0.00,0.00,0.00,0.00,0.00,0.00,0.00,0.00,0.00,3387.23,3387.25,3388.32,3387.29,3387.28,-0.477,2.25,22.97,46.39,46.39,-0.81,-1.03,0.22,3388.23,3385.80,504,387,28.6,57.1,5,1,CROSS=EMA9<EMA21;TREND=1;STRUCT=1;VOL=1;COOL=1;EMA50=1;VWAP=1;BIAS=1,0.00,0.00,22912.63,22912.63,already positioned that way
446,2025.06.18 07:30:00,2025.06.18 10:00:00,SKIP,XAUUSD,M5,95,FLAT,NA,DAY,0,0.00,0.00,0.00,0.00,1.00,0.00,0.00,0.00,0.00,0.00,0.00,0.00,0.00,0.00,0.00,0.00,0.00,0.00,3385.85,3385.68,3386.84,3385.47,3385.49,-0.588,1.98,76.53,77.66,77.66,3.33,2.73,0.60,3384.96,3395.07,354,479,85.7,0.0,12,1,CROSS=EMA9<EMA21;TREND=1;STRUCT=1;VOL=1;COOL=1;EMA50=1;VWAP=1;BIAS=1,0.00,0.00,22912.63,22912.63,outside the killzone window
447,2025.06.18 10:00:00,2025.06.18 12:30:00,SKIP,XAUUSD,M5,95,FLAT,NA,DAY,0,0.00,0.00,0.00,0.00,1.00,0.00,0.00,0.00,0.00,0.00,0.00,0.00,0.00,0.00,0.00,0.00,0.00,0.00,3386.63,3386.64,3387.21,3386.80,3386.72,-0.229,2.48,44.67,39.49,39.49,-2.09,-2.03,-0.06,3386.00,3382.43,682,660,0.0,100.0,5,1,CROSS=EMA9<EMA21;TREND=1;STRUCT=1;VOL=1;COOL=1;EMA50=1;VWAP=1;BIAS=1,0.00,0.00,22912.63,22912.63,outside the killzone window
448,2025.06.18 16:10:00,2025.06.18 18:40:00,SKIP,XAUUSD,M5,95,FLAT,NA,EVENING,0,0.00,0.00,0.00,0.00,1.00,0.00,0.00,0.00,0.00,0.00,0.00,0.00,0.00,0.00,0.00,0.00,0.00,0.00,3384.44,3384.35,3385.23,3384.21,3384.24,-0.315,2.78,21.47,61.87,61.87,1.62,1.52,0.10,3384.80,3389.99,691,679,85.7,0.0,5,1,CROSS=EMA9<EMA21;TREND=1;STRUCT=1;VOL=1;COOL=1;EMA50=1;VWAP=1;BIAS=1,0.00,0.00,22912.63,22912.63,outside the killzone window
449,2025.06.18 22:15:00,2025.06.19 00:45:00,SKIP,XAUUSD,M5,95,FLAT,NA,DAY,0,0.00,0.00,0.00,0.00,1.00,0.00,0.00,0.00,0.00,0.00,0.00,0.00,0.00,0.00,0.00,0.00,0.00,0.00,3386.65,3386.90,3386.69,3387.24,3387.20,0.040,5.26,54.55,22.49,22.49,-3.52,-1.32,-2.20,3385.95,3372.32,1003,943,0.0,100.0,11,1,CROSS=EMA9<EMA21;TREND=1;STRUCT=1;VOL=1;COOL=1;EMA50=1;VWAP=1;BIAS=1,0.00,0.00,22912.63,22912.63,outside the killzone window
450,2025.06.19 13:55:00,2025.06.19 16:25:00,SKIP,XAUUSD,M5,95,FLAT,NA,EVENING,0,0.00,0.00,0.00,0.00,1.00,0.00,0.00,0.00,0.00,0.00,0.00,0.00,0.00,0.00,0.00,0.00,0.00,0.00,3369.97,3369.89,3372.82,3369.78,3369.80,-1.240,2.37,41.32,58.73,58.73,2.39,2.38,0.01,3369.06,3374.57,652,549,85.7,14.3,6,1,CROSS=EMA9<EMA21;TREND=1;STRUCT=1;VOL=1;COOL=1;EMA50=1;VWAP=1;BIAS=1,0.00,0.00,22912.63,22912.63,outside the killzone window
451,2025.06.19 15:45:00,2025.06.19 18:15:00,SKIP,XAUUSD,M5,95,FLAT,NA,EVENING,0,0.00,0.00,0.00,0.00,1.00,0.00,0.00,0.00,0.00,0.00,0.00,0.00,0.00,0.00,0.00,0.00,0.00,0.00,3370.07,3370.11,3372.40,3370.19,3370.16,-0.930,2.46,30.99,40.55,40.55,-1.46,-1.01,-0.45,3369.25,3367.25,504,546,0.0,85.7,5,1,CROSS=EMA9<EMA21;TREND=1;STRUCT=1;VOL=1;COOL=1;EMA50=1;VWAP=1;BIAS=1,0.00,0.00,22912.63,22912.63,outside the killzone window
452,2025.06.19 20:20:00,2025.06.19 22:50:00,SKIP,XAUUSD,M5,95,FLAT,NA,EVENING,0,0.00,0.00,0.00,0.00,1.00,0.00,0.00,0.00,0.00,0.00,0.00,0.00,0.00,0.00,0.00,0.00,0.00,0.00,3368.97,3368.93,3370.59,3368.79,3368.85,-0.919,1.80,33.07,65.01,65.01,1.38,0.89,0.50,3368.82,3373.34,329,458,85.7,0.0,6,1,CROSS=EMA9<EMA21;TREND=1;STRUCT=1;VOL=1;COOL=1;EMA50=1;VWAP=1;BIAS=1,0.00,0.00,22912.63,22912.63,outside the killzone window
453,2025.06.20 01:20:00,2025.06.20 03:50:00,SKIP,XAUUSD,M5,95,FLAT,NA,DAY,0,0.00,0.00,0.00,0.00,1.00,0.00,0.00,0.00,0.00,0.00,0.00,0.00,0.00,0.00,0.00,0.00,0.00,0.00,3368.90,3368.94,3370.33,3369.04,3369.01,-0.586,2.38,24.92,38.77,38.77,-0.61,-0.05,-0.56,3366.64,3365.47,310,402,0.0,71.4,5,1,CROSS=EMA9<EMA21;TREND=1;STRUCT=1;VOL=1;COOL=1;EMA50=1;VWAP=1;BIAS=1,0.00,0.00,22912.63,22912.63,outside the killzone window
454,2025.06.20 16:55:00,2025.06.20 19:25:00,SKIP,XAUUSD,M5,95,FLAT,NA,EVENING,0,0.00,0.00,0.00,0.00,1.00,0.00,0.00,0.00,0.00,0.00,0.00,0.00,0.00,0.00,0.00,0.00,0.00,0.00,3353.72,3353.59,3356.27,3352.98,3353.22,-0.734,3.65,58.04,80.39,80.39,4.29,1.32,2.96,3354.28,3371.92,1048,878,100.0,0.0,12,1,CROSS=EMA9<EMA21;TREND=1;STRUCT=1;VOL=1;COOL=1;EMA50=1;VWAP=1;BIAS=1,0.00,0.00,22912.63,22912.63,outside the killzone window
455,2025.06.23 01:00:00,2025.06.23 03:30:00,WEEK_SUMMARY,XAUUSD,M5,95,FLAT,NA,DAY,0,0.00,0.00,0.00,0.00,1.00,0.00,0.00,0.00,0.00,0.00,0.00,0.00,0.00,0.00,0.00,0.00,-1.00,-111.54,3367.39,3365.45,3363.13,3367.34,3365.38,2.058,1.13,22.48,56.55,56.55,0.30,-0.06,0.35,3358.40,3368.64,92,281,71.4,0.0,50,1,CROSS=EMA9<EMA21;TREND=1;STRUCT=1;VOL=1;COOL=1;EMA50=1;VWAP=1;BIAS=1,0.00,0.00,22912.63,22912.63,days=1 trades=1 W=0 L=1 gross_profit=0.00 gross_loss=111.54 net=-111.54 PF=0.00 pips=-580.0
456,2025.06.23 04:35:00,2025.06.23 07:05:00,SKIP,XAUUSD,M5,95,FLAT,NA,DAY,0,0.00,0.00,0.00,0.00,1.00,0.00,0.00,0.00,0.00,0.00,0.00,0.00,0.00,0.00,0.00,0.00,0.00,0.00,3367.77,3367.85,3365.71,3368.30,3368.12,0.498,4.29,55.45,31.04,31.04,-4.02,-2.95,-1.07,3371.17,3354.73,668,656,14.3,85.7,5,1,CROSS=EMA9<EMA21;TREND=1;STRUCT=1;VOL=1;COOL=1;EMA50=1;VWAP=1;BIAS=1,0.00,0.00,22912.63,22912.63,already positioned that way
457,2025.06.23 13:00:00,2025.06.23 15:30:00,SKIP,XAUUSD,M5,95,FLAT,NA,DAY,0,0.00,0.00,0.00,0.00,1.00,0.00,0.00,0.00,0.00,0.00,0.00,0.00,0.00,0.00,0.00,0.00,0.00,0.00,3361.20,3361.17,3361.99,3360.97,3361.06,-0.319,2.57,33.55,61.67,61.67,1.93,2.01,-0.08,3363.28,3366.62,511,552,71.4,14.3,5,1,CROSS=EMA9<EMA21;TREND=1;STRUCT=1;VOL=1;COOL=1;EMA50=1;VWAP=1;BIAS=1,0.00,0.00,22912.63,22912.63,outside the killzone window
458,2025.06.24 01:05:00,2025.06.24 03:35:00,SKIP,XAUUSD,M5,95,FLAT,NA,DAY,0,0.00,0.00,0.00,0.00,1.00,0.00,0.00,0.00,0.00,0.00,0.00,0.00,0.00,0.00,0.00,0.00,0.00,0.00,3376.88,3377.12,3373.95,3377.62,3377.49,1.041,3.04,61.83,14.34,14.34,-3.94,-2.77,-1.17,3362.01,3358.69,584,389,0.0,100.0,14,1,CROSS=EMA9<EMA21;TREND=1;STRUCT=1;VOL=1;COOL=1;EMA50=1;VWAP=1;BIAS=1,0.00,0.00,22912.63,22912.63,outside the killzone window
459,2025.06.24 23:10:00,2025.06.25 01:40:00,SKIP,XAUUSD,M5,95,FLAT,NA,DAY,0,0.00,0.00,0.00,0.00,1.00,0.00,0.00,0.00,0.00,0.00,0.00,0.00,0.00,0.00,0.00,0.00,0.00,0.00,3318.34,3318.28,3324.70,3318.10,3318.16,-3.454,1.86,37.98,65.71,65.71,1.81,1.30,0.51,3326.78,3324.21,227,384,71.4,14.3,5,1,CROSS=EMA9<EMA21;TREND=1;STRUCT=1;VOL=1;COOL=1;EMA50=1;VWAP=1;BIAS=1,0.00,0.00,22912.63,22912.63,outside the killzone window
460,2025.06.25 12:45:00,2025.06.25 15:15:00,SKIP,XAUUSD,M5,95,FLAT,NA,DAY,0,0.00,0.00,0.00,0.00,1.00,0.00,0.00,0.00,0.00,0.00,0.00,0.00,0.00,0.00,0.00,0.00,0.00,0.00,3328.07,3328.10,3327.64,3328.25,3328.19,0.243,1.87,46.36,37.36,37.36,-1.95,-1.65,-0.29,3329.01,3323.43,304,507,0.0,85.7,5,1,CROSS=EMA9<EMA21;TREND=1;STRUCT=1;VOL=1;COOL=1;EMA50=1;VWAP=1;BIAS=1,0.00,0.00,22912.63,22912.63,outside the killzone window
461,2025.06.25 19:45:00,2025.06.25 22:15:00,SKIP,XAUUSD,M5,95,FLAT,NA,EVENING,0,0.00,0.00,0.00,0.00,1.00,0.00,0.00,0.00,0.00,0.00,0.00,0.00,0.00,0.00,0.00,0.00,0.00,0.00,3324.71,3324.62,3325.35,3324.37,3324.45,-0.363,2.03,54.71,74.98,74.98,2.43,1.82,0.61,3326.03,3333.02,725,545,100.0,0.0,11,1,CROSS=EMA9<EMA21;TREND=1;STRUCT=1;VOL=1;COOL=1;EMA50=1;VWAP=1;BIAS=1,0.00,0.00,22912.63,22912.63,outside the killzone window
462,2025.06.26 15:40:00,2025.06.26 18:10:00,SKIP,XAUUSD,M5,95,FLAT,NA,EVENING,0,0.00,0.00,0.00,0.00,1.00,0.00,0.00,0.00,0.00,0.00,0.00,0.00,0.00,0.00,0.00,0.00,0.00,0.00,3338.73,3338.82,3336.86,3338.94,3338.92,0.541,3.62,23.96,41.24,41.24,-1.27,-1.61,0.34,3338.24,3333.57,1140,611,14.3,71.4,5,1,CROSS=EMA9<EMA21;TREND=1;STRUCT=1;VOL=1;COOL=1;EMA50=1;VWAP=1;BIAS=1,0.00,0.00,22912.63,22912.63,outside the killzone window
463,2025.06.26 21:55:00,2025.06.27 00:25:00,SKIP,XAUUSD,M5,95,FLAT,NA,DAY,0,0.00,0.00,0.00,0.00,1.00,0.00,0.00,0.00,0.00,0.00,0.00,0.00,0.00,0.00,0.00,0.00,0.00,0.00,3330.96,3330.92,3331.95,3330.83,3330.86,-0.678,1.52,21.74,57.05,57.05,1.06,1.32,-0.26,3332.78,3334.11,369,472,57.1,14.3,6,1,CROSS=EMA9<EMA21;TREND=1;STRUCT=1;VOL=1;COOL=1;EMA50=1;VWAP=1;BIAS=1,0.00,0.00,22912.63,22912.63,outside the killzone window
464,2025.06.26 22:50:00,2025.06.27 01:20:00,SKIP,XAUUSD,M5,95,FLAT,NA,DAY,0,0.00,0.00,0.00,0.00,1.00,0.00,0.00,0.00,0.00,0.00,0.00,0.00,0.00,0.00,0.00,0.00,0.00,0.00,3330.90,3330.91,3331.84,3330.95,3330.93,-0.673,1.39,32.09,42.32,42.32,-0.48,-0.12,-0.36,3332.72,3329.71,344,380,0.0,85.7,6,1,CROSS=EMA9<EMA21;TREND=1;STRUCT=1;VOL=1;COOL=1;EMA50=1;VWAP=1;BIAS=1,0.00,0.00,22912.63,22912.63,outside the killzone window
465,2025.06.26 23:05:00,2025.06.27 01:35:00,SKIP,XAUUSD,M5,95,FLAT,NA,DAY,0,0.00,0.00,0.00,0.00,1.00,0.00,0.00,0.00,0.00,0.00,0.00,0.00,0.00,0.00,0.00,0.00,0.00,0.00,3330.94,3330.93,3331.82,3330.89,3330.90,-0.630,1.43,29.01,52.77,52.77,-0.32,-0.36,0.05,3332.71,3332.09,269,368,71.4,14.3,5,1,CROSS=EMA9<EMA21;TREND=1;STRUCT=1;VOL=1;COOL=1;EMA50=1;VWAP=1;BIAS=1,0.00,0.00,22912.63,22912.63,outside the killzone window
466,2025.06.26 23:25:00,2025.06.27 01:55:00,SKIP,XAUUSD,M5,95,FLAT,NA,DAY,0,0.00,0.00,0.00,0.00,1.00,0.00,0.00,0.00,0.00,0.00,0.00,0.00,0.00,0.00,0.00,0.00,0.00,0.00,3330.89,3330.90,3331.78,3330.95,3330.93,-0.607,1.44,21.83,42.82,42.82,-0.38,-0.37,-0.01,3332.70,3329.42,188,330,0.0,71.4,11,1,CROSS=EMA9<EMA21;TREND=1;STRUCT=1;VOL=1;COOL=1;EMA50=1;VWAP=1;BIAS=1,0.00,0.00,22912.63,22912.63,outside the killzone window
467,2025.06.30 05:35:00,2025.06.30 08:05:00,ENTRY,XAUUSD,M5,97,BUY,FULLTGT,DAY,0,3282.96,3276.59,3276.59,6.37,1.00,6.37,3289.33,3295.71,3302.08,3308.45,3314.82,0.17,0.17,0.17,3282.96,0.00,0.00,0.00,3272.04,3271.96,3277.08,3271.59,3271.74,-1.607,3.19,46.99,69.01,69.01,3.74,2.89,0.86,3268.34,3283.05,600,606,85.7,0.0,5,1,CROSS=EMA9>EMA21;TREND=1;STRUCT=1;VOL=1;COOL=1;EMA50=1;VWAP=1;BIAS=1,0.00,0.00,22912.03,22911.18,KZ=ASIA; KZR=Asia L @ 3323.62 1361 bars ago (low taken); DAY 12AM-4PM IST session: stop x1.00 of usual; no partials; full size to TP5; SL steps BE->TP1->TP2->TP3
468,2025.06.30 08:30:36,2025.06.30 11:00:36,TP1_REACHED,XAUUSD,M5,97,BUY,FULLTGT,DAY,0,3282.96,3276.59,3276.59,6.37,1.00,6.37,3289.33,3295.71,3302.08,3308.45,3314.82,0.17,0.00,0.17,3289.33,1.00,1.00,0.00,3279.81,3276.93,3278.41,3279.47,3276.71,-0.811,1.83,46.79,70.57,70.57,2.58,1.80,0.78,3272.27,3288.14,340,319,85.7,14.3,5,1,CROSS=EMA9>EMA21;TREND=1;STRUCT=1;VOL=1;COOL=1;EMA50=1;VWAP=1;BIAS=1,1.00,-0.93,22912.03,23020.66,full target: no partial booked
469,2025.06.30 10:22:28,2025.06.30 12:52:28,TP2_REACHED,XAUUSD,M5,97,BUY,FULLTGT,DAY,0,3282.96,3276.59,3276.59,6.37,1.00,6.37,3289.33,3295.71,3302.08,3308.45,3314.82,0.17,0.00,0.17,3295.71,2.00,2.00,0.00,3286.96,3282.22,3281.03,3286.63,3281.96,0.539,2.20,39.89,68.07,68.07,2.40,2.56,-0.16,3276.77,3295.08,417,560,71.4,14.3,5,1,CROSS=EMA9>EMA21;TREND=1;STRUCT=1;VOL=1;COOL=1;EMA50=1;VWAP=1;BIAS=1,2.00,-0.93,22912.03,23129.46,full target: no partial booked
470,2025.06.30 14:22:39,2025.06.30 16:52:39,EXIT_SL,XAUUSD,M5,97,BUY,FULLTGT,EVENING,0,3282.96,3276.59,3276.59,6.37,1.00,6.37,3289.33,3295.71,3302.08,3308.45,3314.82,0.17,0.17,0.00,3276.56,0.00,-1.00,-110.00,3286.02,3285.11,3283.49,3286.31,3285.23,0.939,1.73,37.18,32.55,32.55,-2.02,-1.43,-0.60,3280.22,3279.02,537,423,14.3,85.7,5,1,CROSS=EMA9>EMA21;TREND=1;STRUCT=1;VOL=1;COOL=1;EMA50=1;VWAP=1;BIAS=1,2.17,-1.00,22802.63,22802.63,stopped at the initial SL (x1.00 of usual)
471,2025.06.30 14:50:00,2025.06.30 17:20:00,SKIP,XAUUSD,M5,97,FLAT,NA,EVENING,0,0.00,0.00,0.00,0.00,1.00,0.00,0.00,0.00,0.00,0.00,0.00,0.00,0.00,0.00,0.00,0.00,0.00,0.00,3284.23,3284.26,3283.14,3284.47,3284.38,0.498,2.24,36.31,38.20,38.20,-2.44,-2.33,-0.11,3280.08,3278.36,599,466,0.0,100.0,5,1,CROSS=EMA9>EMA21;TREND=1;STRUCT=1;VOL=1;COOL=1;EMA50=1;VWAP=1;BIAS=1,0.00,0.00,22802.63,22802.63,outside the killzone window
472,2025.06.30 15:50:00,2025.06.30 18:20:00,SKIP,XAUUSD,M5,97,FLAT,NA,EVENING,0,0.00,0.00,0.00,0.00,1.00,0.00,0.00,0.00,0.00,0.00,0.00,0.00,0.00,0.00,0.00,0.00,0.00,0.00,3284.23,3284.21,3283.23,3284.08,3284.13,0.379,2.58,30.44,62.93,62.93,1.14,-0.26,1.40,3280.37,3287.93,486,584,85.7,0.0,5,1,CROSS=EMA9>EMA21;TREND=1;STRUCT=1;VOL=1;COOL=1;EMA50=1;VWAP=1;BIAS=1,0.00,0.00,22802.63,22802.63,outside the killzone window
473,2025.06.30 16:00:00,2025.06.30 18:30:00,SKIP,XAUUSD,M5,97,FLAT,NA,EVENING,0,0.00,0.00,0.00,0.00,1.00,0.00,0.00,0.00,0.00,0.00,0.00,0.00,0.00,0.00,0.00,0.00,0.00,0.00,3284.14,3284.16,3283.22,3284.22,3284.20,0.333,2.80,25.66,46.52,46.52,0.72,0.26,0.47,3280.42,3282.16,644,600,28.6,71.4,10,1,CROSS=EMA9>EMA21;TREND=1;STRUCT=1;VOL=1;COOL=1;EMA50=1;VWAP=1;BIAS=1,0.00,0.00,22802.63,22802.63,outside the killzone window
474,2025.06.30 17:35:00,2025.06.30 20:05:00,SKIP,XAUUSD,M5,97,FLAT,NA,EVENING,0,0.00,0.00,0.00,0.00,1.00,0.00,0.00,0.00,0.00,0.00,0.00,0.00,0.00,0.00,0.00,0.00,0.00,0.00,3284.10,3284.09,3283.34,3283.91,3284.00,0.220,3.41,18.57,58.50,58.50,0.69,0.41,0.28,3280.89,3288.61,767,814,71.4,0.0,5,1,CROSS=EMA9>EMA21;TREND=1;STRUCT=1;VOL=1;COOL=1;EMA50=1;VWAP=1;BIAS=1,0.00,0.00,22802.63,22802.63,outside the killzone window
475,2025.07.01 01:00:00,2025.07.01 03:30:00,DAY_SUMMARY,XAUUSD,M5,97,FLAT,NA,DAY,0,0.00,0.00,0.00,0.00,1.00,0.00,0.00,0.00,0.00,0.00,0.00,0.00,0.00,0.00,0.00,0.00,-1.00,-110.00,3301.02,3296.33,3291.39,3300.94,3296.20,3.143,1.57,44.70,46.09,46.09,0.77,1.93,-1.16,3284.65,3302.92,189,311,42.9,42.9,9,1,CROSS=EMA9>EMA21;TREND=1;STRUCT=1;VOL=1;COOL=1;EMA50=1;VWAP=1;BIAS=1,0.00,0.00,22802.63,22802.63,2025.06.30 trades=1 W=0 L=1 gross_profit=0.00 gross_loss=110.00 net=-110.00 PF=0.00
476,2025.07.01 01:00:00,2025.07.01 03:30:00,MONTH_SUMMARY,XAUUSD,M5,97,FLAT,NA,DAY,0,0.00,0.00,0.00,0.00,1.00,0.00,0.00,0.00,0.00,0.00,0.00,0.00,0.00,0.00,0.00,0.00,-5.03,-572.58,3301.02,3296.33,3291.39,3300.94,3296.20,3.143,1.57,44.70,46.09,46.09,0.77,1.93,-1.16,3284.65,3302.92,189,311,42.9,42.9,9,1,CROSS=EMA9>EMA21;TREND=1;STRUCT=1;VOL=1;COOL=1;EMA50=1;VWAP=1;BIAS=1,0.00,0.00,22802.63,22802.63,days=5 trades=5 W=0 L=5 gross_profit=0.00 gross_loss=572.58 net=-572.58 PF=0.00 pips=-2600.0
477,2025.07.01 21:10:00,2025.07.01 23:40:00,SKIP,XAUUSD,M5,97,FLAT,NA,EVENING,0,0.00,0.00,0.00,0.00,1.00,0.00,0.00,0.00,0.00,0.00,0.00,0.00,0.00,0.00,0.00,0.00,0.00,0.00,3341.92,3341.97,3335.48,3342.03,3342.03,4.017,1.62,21.63,44.36,44.36,-0.88,-1.26,0.38,3336.65,3339.14,442,561,28.6,42.9,9,1,CROSS=EMA9>EMA21;TREND=1;STRUCT=1;VOL=1;COOL=1;EMA50=1;VWAP=1;BIAS=1,0.00,0.00,22802.63,22802.63,outside the killzone window
478,2025.07.02 08:10:00,2025.07.02 10:40:00,SKIP,XAUUSD,M5,97,FLAT,NA,DAY,0,0.00,0.00,0.00,0.00,1.00,0.00,0.00,0.00,0.00,0.00,0.00,0.00,0.00,0.00,0.00,0.00,0.00,0.00,3338.53,3338.52,3337.35,3338.49,3338.50,1.043,1.12,24.99,52.14,52.14,0.78,1.07,-0.30,3337.64,3339.62,257,277,57.1,14.3,8,1,CROSS=EMA9>EMA21;TREND=1;STRUCT=1;VOL=1;COOL=1;EMA50=1;VWAP=1;BIAS=1,0.00,0.00,22802.63,22802.63,outside the killzone window
479,2025.07.02 09:25:00,2025.07.02 11:55:00,SKIP,XAUUSD,M5,97,FLAT,NA,DAY,0,0.00,0.00,0.00,0.00,1.00,0.00,0.00,0.00,0.00,0.00,0.00,0.00,0.00,0.00,0.00,0.00,0.00,0.00,3338.45,3338.52,3337.52,3338.61,3338.60,0.441,2.26,24.42,33.71,33.71,-0.83,-0.24,-0.59,3337.82,3334.66,545,398,0.0,85.7,9,1,CROSS=EMA9>EMA21;TREND=1;STRUCT=1;VOL=1;COOL=1;EMA50=1;VWAP=1;BIAS=1,0.00,0.00,22802.63,22802.63,outside the killzone window
480,2025.07.02 13:05:00,2025.07.02 15:35:00,SKIP,XAUUSD,M5,97,FLAT,NA,DAY,0,0.00,0.00,0.00,0.00,1.00,0.00,0.00,0.00,0.00,0.00,0.00,0.00,0.00,0.00,0.00,0.00,0.00,0.00,3337.03,3337.02,3336.83,3336.79,3336.90,0.102,1.92,48.53,69.39,69.39,1.87,1.37,0.50,3336.73,3343.06,412,486,85.7,0.0,7,1,CROSS=EMA9>EMA21;TREND=1;STRUCT=1;VOL=1;COOL=1;EMA50=1;VWAP=1;BIAS=1,0.00,0.00,22802.63,22802.63,outside the killzone window
481,2025.07.03 04:20:00,2025.07.03 06:50:00,ENTRY,XAUUSD,M5,99,SELL,FULLTGT,DAY,0,3344.67,3348.93,3348.93,4.26,1.00,4.26,3340.41,3336.14,3331.88,3327.62,3323.36,0.26,0.26,0.26,3344.67,0.00,0.00,0.00,3350.44,3350.50,3347.69,3350.68,3350.62,1.319,2.13,35.00,37.13,37.13,-2.58,-3.00,0.42,3351.54,3344.67,392,400,14.3,71.4,5,1,CROSS=EMA9<EMA21;TREND=1;STRUCT=1;VOL=1;COOL=1;EMA50=1;VWAP=1;BIAS=1,0.00,0.00,22801.72,22800.42,KZ=ASIA; KZR=Asia H @ 3344.99 176 bars ago (high taken); DAY 12AM-4PM IST session: stop x1.00 of usual; no partials; full size to TP5; SL steps BE->TP1->TP2->TP3
482,2025.07.03 05:05:38,2025.07.03 07:35:38,EXIT_SL,XAUUSD,M5,99,SELL,FULLTGT,DAY,0,3344.67,3348.93,3348.93,4.26,1.00,4.26,3340.41,3336.14,3331.88,3327.62,3323.36,0.26,0.26,0.00,3348.95,0.00,-1.00,-113.10,3348.96,3349.68,3347.50,3349.02,3349.72,0.909,2.40,21.30,51.85,51.85,-1.08,-1.83,0.75,3350.23,3347.48,396,409,42.9,28.6,8,1,CROSS=EMA9<EMA21;TREND=1;STRUCT=1;VOL=1;COOL=1;EMA50=1;VWAP=1;BIAS=1,0.64,-1.00,22689.53,22689.53,stopped at the initial SL (x1.00 of usual)
483,2025.07.03 08:25:00,2025.07.03 10:55:00,SKIP,XAUUSD,M5,99,FLAT,NA,DAY,0,0.00,0.00,0.00,0.00,1.00,0.00,0.00,0.00,0.00,0.00,0.00,0.00,0.00,0.00,0.00,0.00,0.00,0.00,3349.57,3349.53,3348.08,3349.39,3349.44,1.218,1.19,41.19,74.72,74.72,1.28,0.78,0.50,3349.80,3353.85,318,233,100.0,0.0,5,1,CROSS=EMA9<EMA21;TREND=1;STRUCT=1;VOL=1;COOL=1;EMA50=1;VWAP=1;BIAS=1,0.00,0.00,22689.53,22689.53,outside the killzone window
484,2025.07.03 13:10:00,2025.07.03 15:40:00,SKIP,XAUUSD,M5,99,FLAT,NA,DAY,0,0.00,0.00,0.00,0.00,1.00,0.00,0.00,0.00,0.00,0.00,0.00,0.00,0.00,0.00,0.00,0.00,0.00,0.00,3352.42,3352.48,3350.83,3352.65,3352.59,0.756,2.18,58.77,33.68,33.68,-2.53,-2.02,-0.51,3352.22,3346.67,346,437,0.0,85.7,5,1,CROSS=EMA9<EMA21;TREND=1;STRUCT=1;VOL=1;COOL=1;EMA50=1;VWAP=1;BIAS=1,0.00,0.00,22689.53,22689.53,outside the killzone window
485,2025.07.04 01:00:00,2025.07.04 03:30:00,DAY_SUMMARY,XAUUSD,M5,99,FLAT,NA,DAY,0,0.00,0.00,0.00,0.00,1.00,0.00,0.00,0.00,0.00,0.00,0.00,0.00,0.00,0.00,0.00,0.00,-1.00,-113.10,3328.70,3331.58,3336.57,3328.81,3331.70,-5.759,0.87,37.28,36.11,36.11,-0.86,-0.68,-0.17,3341.65,3325.92,104,101,14.3,85.7,9,1,CROSS=EMA9<EMA21;TREND=1;STRUCT=1;VOL=1;COOL=1;EMA50=1;VWAP=1;BIAS=1,0.00,0.00,22689.53,22689.53,2025.07.03 trades=1 W=0 L=1 gross_profit=0.00 gross_loss=113.10 net=-113.10 PF=0.00
486,2025.07.04 06:45:00,2025.07.04 09:15:00,ENTRY,XAUUSD,M5,101,BUY,FULLTGT,DAY,0,3337.83,3334.19,3334.19,3.64,1.00,3.64,3341.47,3345.10,3348.74,3352.37,3356.01,0.31,0.31,0.31,3337.83,0.00,0.00,0.00,3330.49,3330.48,3333.21,3330.19,3330.33,-1.501,1.82,33.39,73.67,73.67,1.44,0.16,1.28,3329.92,3337.78,387,362,100.0,0.0,5,1,CROSS=EMA9>EMA21;TREND=1;STRUCT=1;VOL=1;COOL=1;EMA50=1;VWAP=1;BIAS=1,0.00,0.00,22688.44,22686.89,KZ=ASIA; KZR=Asia H @ 3351.48 274 bars ago (high taken); DAY 12AM-4PM IST session: stop x1.00 of usual; no partials; full size to TP5; SL steps BE->TP1->TP2->TP3
487,2025.07.04 07:20:57,2025.07.04 09:50:57,TP1_REACHED,XAUUSD,M5,101,BUY,FULLTGT,DAY,0,3337.83,3334.19,3334.19,3.64,1.00,3.64,3341.47,3345.10,3348.74,3352.37,3356.01,0.31,0.00,0.31,3341.47,1.00,1.00,0.00,3332.60,3331.60,3333.60,3332.27,3331.42,-1.207,1.66,58.68,79.12,79.12,2.71,2.05,0.66,3330.84,3340.64,350,355,85.7,0.0,9,1,CROSS=EMA9>EMA21;TREND=1;STRUCT=1;VOL=1;COOL=1;EMA50=1;VWAP=1;BIAS=1,1.00,-0.25,22688.44,22801.28,full target: no partial booked
488,2025.07.04 09:24:41,2025.07.04 11:54:41,TP2_REACHED,XAUUSD,M5,101,BUY,FULLTGT,DAY,0,3337.83,3334.19,3334.19,3.64,1.00,3.64,3341.47,3345.10,3348.74,3352.37,3356.01,0.31,0.00,0.31,3345.10,2.00,2.00,0.00,3337.75,3335.16,3335.17,3337.49,3334.98,-0.004,1.62,31.39,75.63,75.63,1.17,1.04,0.13,3333.73,3344.08,613,367,100.0,0.0,5,1,CROSS=EMA9>EMA21;TREND=1;STRUCT=1;VOL=1;COOL=1;EMA50=1;VWAP=1;BIAS=1,1.99,-0.25,22688.44,22914.43,full target: no partial booked
489,2025.07.04 12:32:04,2025.07.04 15:02:04,EXIT_SL,XAUUSD,M5,101,BUY,FULLTGT,DAY,0,3337.83,3334.19,3334.19,3.64,1.00,3.64,3341.47,3345.10,3348.74,3352.37,3356.01,0.31,0.31,0.00,3334.16,0.00,-1.01,-115.95,3340.83,3338.67,3337.26,3340.93,3338.68,0.882,1.60,27.28,37.40,37.40,-0.46,0.18,-0.64,3336.41,3338.26,359,348,28.6,71.4,11,1,CROSS=EMA9>EMA21;TREND=1;STRUCT=1;VOL=1;COOL=1;EMA50=1;VWAP=1;BIAS=1,2.01,-0.99,22573.58,22573.58,stopped at the initial SL (x1.00 of usual)
490,2025.07.04 15:05:00,2025.07.04 17:35:00,SKIP,XAUUSD,M5,101,FLAT,NA,EVENING,0,0.00,0.00,0.00,0.00,1.00,0.00,0.00,0.00,0.00,0.00,0.00,0.00,0.00,0.00,0.00,0.00,0.00,0.00,3337.33,3337.36,3336.87,3337.42,3337.40,0.332,1.48,18.88,43.52,43.52,-0.44,-0.34,-0.10,3336.26,3335.14,313,314,0.0,71.4,10,1,CROSS=EMA9>EMA21;TREND=1;STRUCT=1;VOL=1;COOL=1;EMA50=1;VWAP=1;BIAS=1,0.00,0.00,22573.58,22573.58,outside the killzone window
491,2025.07.07 01:00:00,2025.07.07 03:30:00,DAY_SUMMARY,XAUUSD,M5,101,FLAT,NA,DAY,0,0.00,0.00,0.00,0.00,1.00,0.00,0.00,0.00,0.00,0.00,0.00,0.00,0.00,0.00,0.00,0.00,-1.01,-115.95,3334.26,3334.95,3335.54,3334.14,3334.91,-0.563,1.05,41.12,68.42,68.42,0.85,0.30,0.55,3335.68,3337.06,206,203,85.7,14.3,9,1,CROSS=EMA9>EMA21;TREND=1;STRUCT=1;VOL=1;COOL=1;EMA50=1;VWAP=1;BIAS=1,0.00,0.00,22573.58,22573.58,2025.07.04 trades=1 W=0 L=1 gross_profit=0.00 gross_loss=115.95 net=-115.95 PF=0.00
492,2025.07.07 01:00:00,2025.07.07 03:30:00,WEEK_SUMMARY,XAUUSD,M5,101,FLAT,NA,DAY,0,0.00,0.00,0.00,0.00,1.00,0.00,0.00,0.00,0.00,0.00,0.00,0.00,0.00,0.00,0.00,0.00,-2.01,-229.05,3334.26,3334.95,3335.54,3334.14,3334.91,-0.563,1.05,41.12,68.42,68.42,0.85,0.30,0.55,3335.68,3337.06,206,203,85.7,14.3,9,1,CROSS=EMA9>EMA21;TREND=1;STRUCT=1;VOL=1;COOL=1;EMA50=1;VWAP=1;BIAS=1,0.00,0.00,22573.58,22573.58,days=2 trades=2 W=0 L=2 gross_profit=0.00 gross_loss=229.05 net=-229.05 PF=0.00 pips=-795.0
493,2025.07.07 17:35:00,2025.07.07 20:05:00,SKIP,XAUUSD,M5,101,FLAT,NA,EVENING,0,0.00,0.00,0.00,0.00,1.00,0.00,0.00,0.00,0.00,0.00,0.00,0.00,0.00,0.00,0.00,0.00,0.00,0.00,3310.16,3310.10,3314.03,3309.85,3309.95,-1.176,3.34,21.75,61.02,61.02,2.71,2.44,0.27,3312.08,3317.66,668,781,71.4,0.0,7,1,CROSS=EMA9>EMA21;TREND=1;STRUCT=1;VOL=1;COOL=1;EMA50=1;VWAP=1;BIAS=1,0.00,0.00,22573.58,22573.58,outside the killzone window
494,2025.07.08 11:25:00,2025.07.08 13:55:00,SKIP,XAUUSD,M5,101,FLAT,NA,DAY,0,0.00,0.00,0.00,0.00,1.00,0.00,0.00,0.00,0.00,0.00,0.00,0.00,0.00,0.00,0.00,0.00,0.00,0.00,3332.81,3332.83,3330.71,3333.05,3332.95,0.834,2.54,33.54,34.06,34.06,-1.63,-0.59,-1.03,3334.03,3326.95,667,476,14.3,85.7,5,1,CROSS=EMA9>EMA21;TREND=1;STRUCT=1;VOL=1;COOL=1;EMA50=1;VWAP=1;BIAS=1,0.00,0.00,22573.58,22573.58,outside the killzone window
495,2025.07.09 16:50:00,2025.07.09 19:20:00,SKIP,XAUUSD,M5,101,FLAT,NA,EVENING,0,0.00,0.00,0.00,0.00,1.00,0.00,0.00,0.00,0.00,0.00,0.00,0.00,0.00,0.00,0.00,0.00,0.00,0.00,3292.93,3292.86,3296.21,3292.72,3292.75,-1.027,3.27,31.36,59.51,59.51,1.62,1.72,-0.11,3294.29,3298.13,966,684,85.7,14.3,5,1,CROSS=EMA9>EMA21;TREND=1;STRUCT=1;VOL=1;COOL=1;EMA50=1;VWAP=1;BIAS=1,0.00,0.00,22573.58,22573.58,outside the killzone window
496,2025.07.10 17:10:00,2025.07.10 19:40:00,SKIP,XAUUSD,M5,101,FLAT,NA,EVENING,0,0.00,0.00,0.00,0.00,1.00,0.00,0.00,0.00,0.00,0.00,0.00,0.00,0.00,0.00,0.00,0.00,0.00,0.00,3322.88,3322.98,3320.41,3323.17,3323.13,0.629,4.08,31.03,36.68,36.68,-2.14,-0.57,-1.57,3322.48,3315.62,1024,831,14.3,85.7,5,1,CROSS=EMA9>EMA21;TREND=1;STRUCT=1;VOL=1;COOL=1;EMA50=1;VWAP=1;BIAS=1,0.00,0.00,22573.58,22573.58,outside the killzone window
497,2025.07.10 22:50:00,2025.07.11 01:20:00,SKIP,XAUUSD,M5,101,FLAT,NA,DAY,0,0.00,0.00,0.00,0.00,1.00,0.00,0.00,0.00,0.00,0.00,0.00,0.00,0.00,0.00,0.00,0.00,0.00,0.00,3320.25,3320.23,3319.67,3320.08,3320.14,0.422,1.32,50.86,65.86,65.86,1.78,1.76,0.02,3321.26,3324.42,309,378,85.7,0.0,5,1,CROSS=EMA9>EMA21;TREND=1;STRUCT=1;VOL=1;COOL=1;EMA50=1;VWAP=1;BIAS=1,0.00,0.00,22573.58,22573.58,outside the killzone window
498,2025.07.14 06:50:00,2025.07.14 09:20:00,ENTRY,XAUUSD,M5,103,SELL,FULLTGT,DAY,0,3356.64,3359.71,3359.71,3.07,1.00,3.07,3353.57,3350.49,3347.42,3344.34,3341.27,0.36,0.36,0.36,3356.64,0.00,0.00,0.00,3360.00,3360.02,3355.79,3360.14,3360.09,2.755,1.54,19.23,42.49,42.49,-1.08,-1.43,0.35,3363.57,3356.64,156,400,14.3,57.1,5,1,CROSS=EMA9<EMA21;TREND=1;STRUCT=1;VOL=1;COOL=1;EMA50=1;VWAP=1;BIAS=1,0.00,0.00,22572.32,22570.52,KZ=ASIA; KZR=Asia H @ 3338.07 845 bars ago (high taken); DAY 12AM-4PM IST session: stop x1.00 of usual; no partials; full size to TP5; SL steps BE->TP1->TP2->TP3
499,2025.07.14 07:37:41,2025.07.14 10:07:41,EXIT_SL,XAUUSD,M5,103,SELL,FULLTGT,DAY,0,3356.64,3359.71,3359.71,3.07,1.00,3.07,3353.57,3350.49,3347.42,3344.34,3341.27,0.36,0.36,0.00,3359.73,0.00,-1.01,-113.76,3358.80,3359.36,3355.80,3358.82,3359.38,1.994,1.78,14.10,53.40,53.40,-0.80,-1.06,0.26,3362.82,3358.09,309,346,42.9,28.6,7,1,CROSS=EMA9<EMA21;TREND=1;STRUCT=1;VOL=1;COOL=1;EMA50=1;VWAP=1;BIAS=1,0.92,-0.99,22459.82,22459.82,stopped at the initial SL (x1.00 of usual)
500,2025.07.14 09:55:00,2025.07.14 12:25:00,SKIP,XAUUSD,M5,103,FLAT,NA,DAY,0,0.00,0.00,0.00,0.00,1.00,0.00,0.00,0.00,0.00,0.00,0.00,0.00,0.00,0.00,0.00,0.00,0.00,0.00,3359.58,3359.51,3356.73,3359.24,3359.34,1.287,2.16,31.69,73.52,73.52,1.69,0.66,1.03,3361.93,3368.02,758,494,100.0,0.0,6,1,CROSS=EMA9<EMA21;TREND=1;STRUCT=1;VOL=1;COOL=1;EMA50=1;VWAP=1;BIAS=1,0.00,0.00,22459.82,22459.82,outside the killzone window
501,2025.07.14 15:55:00,2025.07.14 18:25:00,SKIP,XAUUSD,M5,103,FLAT,NA,EVENING,0,0.00,0.00,0.00,0.00,1.00,0.00,0.00,0.00,0.00,0.00,0.00,0.00,0.00,0.00,0.00,0.00,0.00,0.00,3364.71,3364.90,3362.15,3365.22,3365.16,0.793,3.47,63.48,25.55,25.55,-4.72,-3.08,-1.65,3364.02,3352.19,760,652,14.3,85.7,5,1,CROSS=EMA9<EMA21;TREND=1;STRUCT=1;VOL=1;COOL=1;EMA50=1;VWAP=1;BIAS=1,0.00,0.00,22459.82,22459.82,outside the killzone window
502,2025.07.15 01:00:00,2025.07.15 03:30:00,DAY_SUMMARY,XAUUSD,M5,103,FLAT,NA,DAY,0,0.00,0.00,0.00,0.00,1.00,0.00,0.00,0.00,0.00,0.00,0.00,0.00,0.00,0.00,0.00,0.00,-1.01,-113.76,3347.02,3350.03,3353.38,3347.17,3350.17,-2.825,1.19,35.99,36.39,36.39,-1.55,-1.43,-0.12,3358.30,3343.26,128,310,0.0,85.7,9,1,CROSS=EMA9<EMA21;TREND=1;STRUCT=1;VOL=1;COOL=1;EMA50=1;VWAP=1;BIAS=1,0.00,0.00,22459.82,22459.82,2025.07.14 trades=1 W=0 L=1 gross_profit=0.00 gross_loss=113.76 net=-113.76 PF=0.00
503,2025.07.15 06:15:00,2025.07.15 08:45:00,ENTRY,XAUUSD,M5,105,BUY,FULLTGT,DAY,0,3354.32,3350.77,3350.77,3.55,1.00,3.55,3357.87,3361.41,3364.96,3368.51,3372.06,0.31,0.31,0.31,3354.32,0.00,0.00,0.00,3348.60,3348.55,3350.65,3348.37,3348.44,-1.184,1.77,28.02,71.09,71.09,1.38,0.85,0.52,3347.94,3354.27,419,371,100.0,0.0,5,1,CROSS=EMA9>EMA21;TREND=1;STRUCT=1;VOL=1;COOL=1;EMA50=1;VWAP=1;BIAS=1,0.00,0.00,22458.73,22457.18,KZ=ASIA; KZR=Asia H @ 3373.27 237 bars ago (high taken); DAY 12AM-4PM IST session: stop x1.00 of usual; no partials; full size to TP5; SL steps BE->TP1->TP2->TP3
504,2025.07.15 06:53:34,2025.07.15 09:23:34,TP1_REACHED,XAUUSD,M5,105,BUY,FULLTGT,DAY,0,3354.32,3350.77,3350.77,3.55,1.00,3.55,3357.87,3361.41,3364.96,3368.51,3372.06,0.31,0.00,0.31,3357.87,1.00,1.00,0.00,3350.36,3349.50,3351.00,3350.08,3349.34,-0.890,1.68,42.73,73.58,73.58,2.26,1.74,0.52,3348.91,3357.40,284,365,85.7,0.0,5,1,CROSS=EMA9>EMA21;TREND=1;STRUCT=1;VOL=1;COOL=1;EMA50=1;VWAP=1;BIAS=1,1.00,-0.56,22458.73,22569.71,full target: no partial booked
505,2025.07.15 08:05:28,2025.07.15 10:35:28,TP2_REACHED,XAUUSD,M5,105,BUY,FULLTGT,DAY,0,3354.32,3350.77,3350.77,3.55,1.00,3.55,3357.87,3361.41,3364.96,3368.51,3372.06,0.31,0.00,0.31,3361.41,2.00,2.00,0.00,3354.66,3352.17,3352.22,3354.39,3351.99,-0.040,1.24,51.32,73.11,73.11,2.19,2.47,-0.28,3350.88,3361.34,225,290,71.4,14.3,5,1,CROSS=EMA9>EMA21;TREND=1;STRUCT=1;VOL=1;COOL=1;EMA50=1;VWAP=1;BIAS=1,2.00,-0.56,22458.73,22679.14,full target: no partial booked
506,2025.07.15 08:47:33,2025.07.15 11:17:33,TP3_REACHED,XAUUSD,M5,105,BUY,FULLTGT,DAY,0,3354.32,3350.77,3350.77,3.55,1.00,3.55,3357.87,3361.41,3364.96,3368.51,3372.06,0.31,0.00,0.31,3364.96,3.00,3.00,0.00,3357.14,3353.87,3353.10,3356.85,3353.67,0.571,1.35,54.63,74.86,74.86,2.37,2.35,0.02,3352.15,3364.19,372,296,85.7,14.3,5,1,CROSS=EMA9>EMA21;TREND=1;STRUCT=1;VOL=1;COOL=1;EMA50=1;VWAP=1;BIAS=1,3.00,-0.56,22458.73,22788.88,full target: no partial booked
507,2025.07.15 15:16:37,2025.07.15 17:46:37,EXIT_SL,XAUUSD,M5,105,BUY,FULLTGT,EVENING,0,3354.32,3350.77,3350.77,3.55,1.00,3.55,3357.87,3361.41,3364.96,3368.51,3372.06,0.31,0.31,0.00,3350.77,0.00,-1.00,-112.23,3359.68,3359.17,3357.33,3359.97,3359.30,0.999,1.84,57.95,20.24,20.24,-2.33,-1.67,-0.66,3357.07,3352.73,568,414,14.3,85.7,7,1,CROSS=EMA9>EMA21;TREND=1;STRUCT=1;VOL=1;COOL=1;EMA50=1;VWAP=1;BIAS=1,3.41,-0.99,22347.59,22347.59,stopped at the initial SL (x1.00 of usual)
508,2025.07.15 15:40:00,2025.07.15 18:10:00,SKIP,XAUUSD,M5,105,FLAT,NA,EVENING,0,0.00,0.00,0.00,0.00,1.00,0.00,0.00,0.00,0.00,0.00,0.00,0.00,0.00,0.00,0.00,0.00,0.00,0.00,3358.34,3358.52,3357.09,3358.76,3358.73,0.438,3.27,54.09,26.18,26.18,-2.62,-2.26,-0.35,3356.76,3348.12,1041,569,0.0,100.0,9,1,CROSS=EMA9>EMA21;TREND=1;STRUCT=1;VOL=1;COOL=1;EMA50=1;VWAP=1;BIAS=1,0.00,0.00,22347.59,22347.59,outside the killzone window
509,2025.07.16 01:00:00,2025.07.16 03:30:00,DAY_SUMMARY,XAUUSD,M5,105,FLAT,NA,DAY,0,0.00,0.00,0.00,0.00,1.00,0.00,0.00,0.00,0.00,0.00,0.00,0.00,0.00,0.00,0.00,0.00,-1.00,-112.23,3329.59,3334.55,3341.38,3329.80,3334.75,-5.394,1.27,46.87,32.25,32.25,-0.87,-0.22,-0.65,3346.96,3324.65,170,232,0.0,85.7,9,1,CROSS=EMA9>EMA21;TREND=1;STRUCT=1;VOL=1;COOL=1;EMA50=1;VWAP=1;BIAS=1,0.00,0.00,22347.59,22347.59,2025.07.15 trades=1 W=0 L=1 gross_profit=0.00 gross_loss=112.23 net=-112.23 PF=0.00
510,2025.07.16 07:45:00,2025.07.16 10:15:00,SKIP,XAUUSD,M5,105,FLAT,NA,DAY,0,0.00,0.00,0.00,0.00,1.00,0.00,0.00,0.00,0.00,0.00,0.00,0.00,0.00,0.00,0.00,0.00,0.00,0.00,3332.04,3331.97,3335.56,3331.86,3331.88,-2.744,1.31,41.93,65.12,65.12,1.60,1.33,0.27,3330.94,3336.56,310,341,85.7,0.0,5,1,CROSS=EMA9>EMA21;TREND=1;STRUCT=1;VOL=1;COOL=1;EMA50=1;VWAP=1;BIAS=1,0.00,0.00,22347.59,22347.59,outside the killzone window
511,2025.07.16 16:10:00,2025.07.16 18:40:00,SKIP,XAUUSD,M5,105,FLAT,NA,EVENING,0,0.00,0.00,0.00,0.00,1.00,0.00,0.00,0.00,0.00,0.00,0.00,0.00,0.00,0.00,0.00,0.00,0.00,0.00,3336.92,3336.97,3337.19,3337.03,3337.03,-0.065,3.28,16.24,44.80,44.80,-0.91,-0.78,-0.12,3335.43,3334.06,712,657,0.0,85.7,5,1,CROSS=EMA9>EMA21;TREND=1;STRUCT=1;VOL=1;COOL=1;EMA50=1;VWAP=1;BIAS=1,0.00,0.00,22347.59,22347.59,outside the killzone window
512,2025.07.16 18:25:00,2025.07.16 20:55:00,SKIP,XAUUSD,M5,105,FLAT,NA,EVENING,0,0.00,0.00,0.00,0.00,1.00,0.00,0.00,0.00,0.00,0.00,0.00,0.00,0.00,0.00,0.00,0.00,0.00,0.00,3336.57,3336.19,3336.56,3335.29,3335.55,-0.047,7.79,43.14,76.68,76.68,7.18,1.25,5.93,3335.48,3367.77,1669,1141,85.7,14.3,6,1,CROSS=EMA9>EMA21;TREND=1;STRUCT=1;VOL=1;COOL=1;EMA50=1;VWAP=1;BIAS=1,0.00,0.00,22347.59,22347.59,outside the killzone window
513,2025.07.17 04:00:00,2025.07.17 06:30:00,ENTRY,XAUUSD,M5,107,SELL,FULLTGT,DAY,0,3340.81,3343.94,3343.94,3.13,1.00,3.13,3337.68,3334.56,3331.43,3328.30,3325.17,0.35,0.35,0.35,3340.81,0.00,0.00,0.00,3346.57,3346.64,3344.60,3346.80,3346.76,1.305,1.56,55.74,22.56,22.56,-1.89,-1.45,-0.44,3346.23,3340.80,341,292,0.0,100.0,5,1,CROSS=EMA9<EMA21;TREND=1;STRUCT=1;VOL=1;COOL=1;EMA50=1;VWAP=1;BIAS=1,0.00,0.00,22346.36,22344.61,KZ=ASIA; KZR=Asia H @ 3373.27 786 bars ago (high taken); DAY 12AM-4PM IST session: stop x1.00 of usual; no partials; full size to TP5; SL steps BE->TP1->TP2->TP3
514,2025.07.17 04:34:30,2025.07.17 07:04:30,TP1_REACHED,XAUUSD,M5,107,SELL,FULLTGT,DAY,0,3340.81,3343.94,3343.94,3.13,1.00,3.13,3337.68,3334.56,3331.43,3328.30,3325.17,0.35,0.00,0.35,3337.68,1.00,1.00,0.00,3345.19,3345.90,3344.34,3345.37,3346.00,0.811,1.93,54.57,36.32,36.32,-1.95,-1.98,0.04,3344.54,3340.83,462,397,28.6,71.4,14,1,CROSS=EMA9<EMA21;TREND=1;STRUCT=1;VOL=1;COOL=1;EMA50=1;VWAP=1;BIAS=1,1.00,-0.46,22346.36,22456.96,full target: no partial booked
515,2025.07.17 04:56:16,2025.07.17 07:26:16,EXIT_SL,XAUUSD,M5,107,SELL,FULLTGT,DAY,0,3340.81,3343.94,3343.94,3.13,1.00,3.13,3337.68,3334.56,3331.43,3328.30,3325.17,0.35,0.35,0.00,3343.94,0.00,-1.00,-112.01,3344.46,3345.45,3344.18,3344.53,3345.50,0.547,2.32,41.32,50.53,50.53,-1.23,-1.85,0.62,3343.89,3342.85,476,447,57.1,42.9,5,1,CROSS=EMA9<EMA21;TREND=1;STRUCT=1;VOL=1;COOL=1;EMA50=1;VWAP=1;BIAS=1,1.21,-0.99,22235.58,22235.58,stopped at the initial SL (x1.00 of usual)
516,2025.07.17 19:00:00,2025.07.17 21:30:00,SKIP,XAUUSD,M5,107,FLAT,NA,EVENING,0,0.00,0.00,0.00,0.00,1.00,0.00,0.00,0.00,0.00,0.00,0.00,0.00,0.00,0.00,0.00,0.00,0.00,0.00,3329.13,3329.00,3332.06,3328.81,3328.84,-1.449,2.11,47.47,67.40,67.40,3.51,3.71,-0.20,3330.91,3336.77,658,742,71.4,14.3,6,1,CROSS=EMA9<EMA21;TREND=1;STRUCT=1;VOL=1;COOL=1;EMA50=1;VWAP=1;BIAS=1,0.00,0.00,22235.58,22235.58,outside the killzone window
517,2025.07.18 01:00:00,2025.07.18 03:30:00,DAY_SUMMARY,XAUUSD,M5,107,FLAT,NA,DAY,0,0.00,0.00,0.00,0.00,1.00,0.00,0.00,0.00,0.00,0.00,0.00,0.00,0.00,0.00,0.00,0.00,-1.00,-112.01,3337.95,3335.81,3335.05,3337.91,3335.75,0.947,0.80,46.48,50.54,50.54,-0.10,0.14,-0.24,3332.20,3338.86,173,245,71.4,14.3,9,1,CROSS=EMA9<EMA21;TREND=1;STRUCT=1;VOL=1;COOL=1;EMA50=1;VWAP=1;BIAS=1,0.00,0.00,22235.58,22235.58,2025.07.17 trades=1 W=0 L=1 gross_profit=0.00 gross_loss=112.01 net=-112.01 PF=0.00
518,2025.07.18 07:15:00,2025.07.18 09:45:00,SKIP,XAUUSD,M5,107,FLAT,NA,DAY,0,0.00,0.00,0.00,0.00,1.00,0.00,0.00,0.00,0.00,0.00,0.00,0.00,0.00,0.00,0.00,0.00,0.00,0.00,3337.95,3337.98,3337.12,3338.04,3338.03,0.702,1.23,31.34,41.75,41.75,-0.98,-1.07,0.09,3339.30,3335.64,151,297,14.3,71.4,5,1,CROSS=EMA9<EMA21;TREND=1;STRUCT=1;VOL=1;COOL=1;EMA50=1;VWAP=1;BIAS=1,0.00,0.00,22235.58,22235.58,outside the killzone window
519,2025.07.18 10:05:00,2025.07.18 12:35:00,SKIP,XAUUSD,M5,107,FLAT,NA,DAY,0,0.00,0.00,0.00,0.00,1.00,0.00,0.00,0.00,0.00,0.00,0.00,0.00,0.00,0.00,0.00,0.00,0.00,0.00,3337.82,3337.74,3337.19,3337.63,3337.65,0.279,1.98,32.25,67.92,67.92,1.32,0.55,0.77,3338.55,3342.50,526,489,100.0,0.0,7,1,CROSS=EMA9<EMA21;TREND=1;STRUCT=1;VOL=1;COOL=1;EMA50=1;VWAP=1;BIAS=1,0.00,0.00,22235.58,22235.58,outside the killzone window
520,2025.07.18 22:45:00,2025.07.19 01:15:00,SKIP,XAUUSD,M5,107,FLAT,NA,DAY,0,0.00,0.00,0.00,0.00,1.00,0.00,0.00,0.00,0.00,0.00,0.00,0.00,0.00,0.00,0.00,0.00,0.00,0.00,3352.11,3352.11,3349.55,3352.22,3352.16,2.738,0.94,32.79,37.67,37.67,-0.76,-0.45,-0.31,3348.63,3349.41,269,312,14.3,71.4,5,1,CROSS=EMA9<EMA21;TREND=1;STRUCT=1;VOL=1;COOL=1;EMA50=1;VWAP=1;BIAS=1,0.00,0.00,22235.58,22235.58,outside the killzone window
521,2025.07.21 01:00:00,2025.07.21 03:30:00,WEEK_SUMMARY,XAUUSD,M5,107,FLAT,NA,DAY,0,0.00,0.00,0.00,0.00,1.00,0.00,0.00,0.00,0.00,0.00,0.00,0.00,0.00,0.00,0.00,0.00,-3.01,-338.00,3351.05,3351.48,3349.56,3351.08,3351.51,1.809,1.06,17.93,48.38,48.38,-0.19,-0.48,0.29,3348.64,3350.12,92,236,28.6,42.9,9,1,CROSS=EMA9<EMA21;TREND=1;STRUCT=1;VOL=1;COOL=1;EMA50=1;VWAP=1;BIAS=1,0.00,0.00,22235.58,22235.58,days=3 trades=3 W=0 L=3 gross_profit=0.00 gross_loss=338.00 net=-338.00 PF=0.00 pips=-977.0
522,2025.07.21 04:15:00,2025.07.21 06:45:00,ENTRY,XAUUSD,M5,109,BUY,FULLTGT,DAY,0,3357.15,3353.89,3353.89,3.26,1.00,3.26,3360.41,3363.66,3366.92,3370.17,3373.43,0.34,0.34,0.34,3357.15,0.00,0.00,0.00,3350.68,3350.66,3349.59,3350.42,3350.53,0.654,1.63,62.57,74.77,74.77,1.97,1.43,0.54,3349.98,3357.05,362,282,85.7,14.3,10,1,CROSS=EMA9>EMA21;TREND=1;STRUCT=1;VOL=1;COOL=1;EMA50=1;VWAP=1;BIAS=1,0.00,0.00,22234.39,22230.99,KZ=ASIA; KZR=Asia L @ 3323.54 1034 bars ago (low taken); DAY 12AM-4PM IST session: stop x1.00 of usual; no partials; full size to TP5; SL steps BE->TP1->TP2->TP3
523,2025.07.21 05:40:28,2025.07.21 08:10:28,EXIT_SL,XAUUSD,M5,109,BUY,FULLTGT,DAY,0,3357.15,3353.89,3353.89,3.26,1.00,3.26,3360.41,3363.66,3366.92,3370.17,3373.43,0.34,0.34,0.00,3353.88,0.00,-1.00,-113.56,3353.38,3352.26,3350.64,3353.34,3352.23,1.047,1.55,23.20,47.40,47.40,0.72,1.25,-0.53,3352.48,3354.18,203,360,28.6,42.9,5,1,CROSS=EMA9>EMA21;TREND=1;STRUCT=1;VOL=1;COOL=1;EMA50=1;VWAP=1;BIAS=1,0.45,-1.00,22122.02,22122.02,stopped at the initial SL (x1.00 of usual)
524,2025.07.22 01:00:00,2025.07.22 03:30:00,DAY_SUMMARY,XAUUSD,M5,109,FLAT,NA,DAY,0,0.00,0.00,0.00,0.00,1.00,0.00,0.00,0.00,0.00,0.00,0.00,0.00,0.00,0.00,0.00,0.00,-1.00,-113.56,3396.24,3392.16,3383.24,3396.21,3392.07,9.712,0.92,30.89,47.12,47.12,0.32,0.64,-0.33,3378.75,3396.93,135,334,42.9,42.9,9,1,CROSS=EMA9>EMA21;TREND=1;STRUCT=1;VOL=1;COOL=1;EMA50=1;VWAP=1;BIAS=1,0.00,0.00,22122.02,22122.02,2025.07.21 trades=1 W=0 L=1 gross_profit=0.00 gross_loss=113.56 net=-113.56 PF=0.00
525,2025.07.22 05:15:00,2025.07.22 07:45:00,ENTRY,XAUUSD,M5,111,SELL,FULLTGT,DAY,0,3389.23,3393.85,3393.85,4.62,1.00,4.62,3384.61,3379.99,3375.37,3370.76,3366.14,0.23,0.23,0.23,3389.23,0.00,0.00,0.00,3393.27,3393.30,3387.75,3393.43,3393.38,2.404,2.31,37.23,41.01,41.01,-2.17,-1.96,-0.21,3393.45,3389.22,478,455,14.3,85.7,5,1,CROSS=EMA9<EMA21;TREND=1;STRUCT=1;VOL=1;COOL=1;EMA50=1;VWAP=1;BIAS=1,0.00,0.00,22121.21,22120.06,KZ=ASIA; KZR=Asia H @ 3358.61 255 bars ago (high taken); DAY 12AM-4PM IST session: stop x1.00 of usual; no partials; full size to TP5; SL steps BE->TP1->TP2->TP3
526,2025.07.22 09:01:15,2025.07.22 11:31:15,TP1_REACHED,XAUUSD,M5,111,SELL,FULLTGT,DAY,0,3389.23,3393.85,3393.85,4.62,1.00,4.62,3384.61,3379.99,3375.37,3370.76,3366.14,0.23,0.00,0.23,3384.61,1.00,1.00,0.00,3389.81,3391.03,3388.44,3389.98,3391.14,1.556,1.67,35.84,33.82,33.82,-1.20,-0.86,-0.34,3391.57,3385.57,419,319,14.3,85.7,6,1,CROSS=EMA9<EMA21;TREND=1;STRUCT=1;VOL=1;COOL=1;EMA50=1;VWAP=1;BIAS=1,1.00,-0.99,22121.21,22227.47,full target: no partial booked
527,2025.07.22 15:06:39,2025.07.22 17:36:39,EXIT_SL,XAUUSD,M5,111,SELL,FULLTGT,EVENING,0,3389.23,3393.85,3393.85,4.62,1.00,4.62,3384.61,3379.99,3375.37,3370.76,3366.14,0.23,0.23,0.00,3393.85,0.00,-1.00,-107.88,3388.14,3388.43,3387.91,3387.97,3388.35,0.401,1.29,33.35,76.68,76.68,0.96,0.43,0.53,3389.44,3392.31,565,369,85.7,14.3,5,1,CROSS=EMA9<EMA21;TREND=1;STRUCT=1;VOL=1;COOL=1;EMA50=1;VWAP=1;BIAS=1,1.27,-0.99,22014.14,22014.14,stopped at the initial SL (x1.00 of usual)
528,2025.07.22 15:20:00,2025.07.22 17:50:00,SKIP,XAUUSD,M5,111,FLAT,NA,EVENING,0,0.00,0.00,0.00,0.00,1.00,0.00,0.00,0.00,0.00,0.00,0.00,0.00,0.00,0.00,0.00,0.00,0.00,0.00,3388.86,3388.78,3388.10,3388.60,3388.65,0.448,1.51,47.95,83.84,83.84,1.71,0.87,0.84,3389.57,3395.22,591,410,100.0,0.0,5,1,CROSS=EMA9<EMA21;TREND=1;STRUCT=1;VOL=1;COOL=1;EMA50=1;VWAP=1;BIAS=1,0.00,0.00,22014.14,22014.14,outside the killzone window
529,2025.07.23 01:00:00,2025.07.23 03:30:00,DAY_SUMMARY,XAUUSD,M5,111,FLAT,NA,DAY,0,0.00,0.00,0.00,0.00,1.00,0.00,0.00,0.00,0.00,0.00,0.00,0.00,0.00,0.00,0.00,0.00,-1.00,-107.88,3428.98,3423.07,3412.92,3428.88,3422.90,7.215,1.41,23.11,56.28,56.28,-0.05,0.17,-0.22,3407.55,3431.52,266,394,57.1,14.3,9,1,CROSS=EMA9<EMA21;TREND=1;STRUCT=1;VOL=1;COOL=1;EMA50=1;VWAP=1;BIAS=1,0.00,0.00,22014.14,22014.14,2025.07.22 trades=1 W=0 L=1 gross_profit=0.00 gross_loss=107.88 net=-107.88 PF=0.00
530,2025.07.23 07:30:00,2025.07.23 10:00:00,SKIP,XAUUSD,M5,111,FLAT,NA,DAY,0,0.00,0.00,0.00,0.00,1.00,0.00,0.00,0.00,0.00,0.00,0.00,0.00,0.00,0.00,0.00,0.00,0.00,0.00,3425.08,3425.10,3420.07,3425.15,3425.13,2.665,1.89,16.30,46.62,46.62,-0.36,-0.02,-0.34,3426.35,3423.50,360,444,0.0,71.4,5,1,CROSS=EMA9<EMA21;TREND=1;STRUCT=1;VOL=1;COOL=1;EMA50=1;VWAP=1;BIAS=1,0.00,0.00,22014.14,22014.14,outside the killzone window
531,2025.07.23 11:50:00,2025.07.23 14:20:00,SKIP,XAUUSD,M5,111,FLAT,NA,DAY,0,0.00,0.00,0.00,0.00,1.00,0.00,0.00,0.00,0.00,0.00,0.00,0.00,0.00,0.00,0.00,0.00,0.00,0.00,3424.38,3424.36,3421.58,3424.33,3424.34,1.241,2.24,19.72,53.40,53.40,0.52,0.21,0.30,3425.09,3425.68,414,501,71.4,0.0,7,1,CROSS=EMA9<EMA21;TREND=1;STRUCT=1;VOL=1;COOL=1;EMA50=1;VWAP=1;BIAS=1,0.00,0.00,22014.14,22014.14,outside the killzone window
532,2025.07.23 14:25:00,2025.07.23 16:55:00,SKIP,XAUUSD,M5,111,FLAT,NA,EVENING,0,0.00,0.00,0.00,0.00,1.00,0.00,0.00,0.00,0.00,0.00,0.00,0.00,0.00,0.00,0.00,0.00,0.00,0.00,3425.09,3425.11,3422.83,3425.19,3425.16,1.091,2.09,53.25,43.07,43.07,-1.51,-1.41,-0.10,3425.34,3422.77,482,467,14.3,85.7,5,1,CROSS=EMA9<EMA21;TREND=1;STRUCT=1;VOL=1;COOL=1;EMA50=1;VWAP=1;BIAS=1,0.00,0.00,22014.14,22014.14,outside the killzone window
533,2025.07.23 14:35:00,2025.07.23 17:05:00,SKIP,XAUUSD,M5,111,FLAT,NA,EVENING,0,0.00,0.00,0.00,0.00,1.00,0.00,0.00,0.00,0.00,0.00,0.00,0.00,0.00,0.00,0.00,0.00,0.00,0.00,3425.17,3425.15,3422.90,3425.10,3425.11,1.047,2.15,44.57,57.65,57.65,-0.83,-1.37,0.54,3425.34,3426.92,525,482,100.0,0.0,5,1,CROSS=EMA9<EMA21;TREND=1;STRUCT=1;VOL=1;COOL=1;EMA50=1;VWAP=1;BIAS=1,0.00,0.00,22014.14,22014.14,outside the killzone window
534,2025.07.23 16:05:00,2025.07.23 18:35:00,SKIP,XAUUSD,M5,111,FLAT,NA,EVENING,0,0.00,0.00,0.00,0.00,1.00,0.00,0.00,0.00,0.00,0.00,0.00,0.00,0.00,0.00,0.00,0.00,0.00,0.00,3425.03,3425.18,3423.31,3425.46,3425.39,0.610,3.06,32.06,25.41,25.41,-1.64,-0.22,-1.42,3425.30,3414.43,1238,637,0.0,100.0,8,1,CROSS=EMA9<EMA21;TREND=1;STRUCT=1;VOL=1;COOL=1;EMA50=1;VWAP=1;BIAS=1,0.00,0.00,22014.14,22014.14,outside the killzone window
535,2025.07.24 21:50:00,2025.07.25 00:20:00,SKIP,XAUUSD,M5,111,FLAT,NA,DAY,0,0.00,0.00,0.00,0.00,1.00,0.00,0.00,0.00,0.00,0.00,0.00,0.00,0.00,0.00,0.00,0.00,0.00,0.00,3369.95,3369.91,3373.98,3369.83,3369.84,-3.348,1.22,30.18,62.07,62.07,0.48,-0.16,0.64,3373.21,3372.97,332,403,71.4,14.3,5,1,CROSS=EMA9<EMA21;TREND=1;STRUCT=1;VOL=1;COOL=1;EMA50=1;VWAP=1;BIAS=1,0.00,0.00,22014.14,22014.14,outside the killzone window
536,2025.07.25 01:00:00,2025.07.25 03:30:00,SKIP,XAUUSD,M5,111,FLAT,NA,DAY,0,0.00,0.00,0.00,0.00,1.00,0.00,0.00,0.00,0.00,0.00,0.00,0.00,0.00,0.00,0.00,0.00,0.00,0.00,3370.09,3370.11,3373.18,3370.16,3370.14,-3.060,1.01,46.56,40.57,40.57,-0.82,-0.50,-0.33,3373.09,3368.41,233,302,0.0,85.7,8,1,CROSS=EMA9<EMA21;TREND=1;STRUCT=1;VOL=1;COOL=1;EMA50=1;VWAP=1;BIAS=1,0.00,0.00,22014.14,22014.14,outside the killzone window
537,2025.07.25 03:45:00,2025.07.25 06:15:00,ENTRY,XAUUSD,M5,113,BUY,FULLTGT,DAY,0,3372.10,3369.84,3369.84,2.26,1.00,2.26,3374.36,3376.61,3378.87,3381.13,3383.39,0.48,0.48,0.48,3372.10,0.00,0.00,0.00,3369.83,3369.79,3372.09,3369.74,3369.74,-2.044,1.13,20.87,64.06,64.06,0.84,0.51,0.33,3369.04,3372.05,183,216,71.4,0.0,5,1,CROSS=EMA9>EMA21;TREND=1;STRUCT=1;VOL=1;COOL=1;EMA50=1;VWAP=1;BIAS=1,0.00,0.00,22012.46,22010.06,KZ=ASIA; KZR=Asia H @ 3397.62 724 bars ago (high taken); DAY 12AM-4PM IST session: stop x1.00 of usual; no partials; full size to TP5; SL steps BE->TP1->TP2->TP3
538,2025.07.25 04:08:16,2025.07.25 06:38:16,EXIT_SL,XAUUSD,M5,113,BUY,FULLTGT,DAY,0,3372.10,3369.84,3369.84,2.26,1.00,2.26,3374.36,3376.61,3378.87,3381.13,3383.39,0.48,0.48,0.00,3369.84,0.00,-1.00,-111.84,3370.13,3369.95,3372.08,3370.07,3369.91,-1.685,1.27,18.09,58.79,58.79,0.81,0.77,0.04,3369.39,3371.70,432,226,71.4,14.3,7,1,CROSS=EMA9>EMA21;TREND=1;STRUCT=1;VOL=1;COOL=1;EMA50=1;VWAP=1;BIAS=1,0.63,-1.00,21902.30,21902.30,stopped at the initial SL (x1.00 of usual)
539,2025.07.25 04:35:00,2025.07.25 07:05:00,ENTRY,XAUUSD,M5,115,SELL,FULLTGT,DAY,0,3367.90,3371.02,3371.02,3.12,1.00,3.12,3364.78,3361.66,3358.54,3355.43,3352.31,0.35,0.35,0.35,3367.90,0.00,0.00,0.00,3369.76,3369.77,3371.87,3369.83,3369.81,-1.346,1.56,28.40,38.89,38.89,-0.37,0.34,-0.70,3369.24,3367.91,321,293,14.3,85.7,5,1,CROSS=EMA9<EMA21;TREND=1;STRUCT=1;VOL=1;COOL=1;EMA50=1;VWAP=1;BIAS=1,0.00,0.00,21901.07,21899.32,KZ=ASIA; KZR=Asia H @ 3397.62 734 bars ago (high taken); DAY 12AM-4PM IST session: stop x1.00 of usual; no partials; full size to TP5; SL steps BE->TP1->TP2->TP3
540,2025.07.25 04:55:03,2025.07.25 07:25:03,EXIT_SL,XAUUSD,M5,115,SELL,FULLTGT,DAY,0,3367.90,3371.02,3371.02,3.12,1.00,3.12,3364.78,3361.66,3358.54,3355.43,3352.31,0.35,0.35,0.00,3371.04,0.00,-1.01,-112.36,3369.68,3369.73,3371.77,3369.64,3369.71,-1.198,1.70,26.06,55.79,55.79,-0.24,-0.19,-0.05,3369.19,3370.75,379,329,71.4,28.6,5,1,CROSS=EMA9<EMA21;TREND=1;STRUCT=1;VOL=1;COOL=1;EMA50=1;VWAP=1;BIAS=1,0.36,-1.00,21789.94,21789.94,stopped at the initial SL (x1.00 of usual)
541,2025.07.28 01:00:00,2025.07.28 03:30:00,DAY_SUMMARY,XAUUSD,M5,115,FLAT,NA,DAY,0,0.00,0.00,0.00,0.00,1.00,0.00,0.00,0.00,0.00,0.00,0.00,0.00,0.00,0.00,0.00,0.00,-2.01,-224.20,3337.18,3338.21,3343.63,3337.19,3338.24,-4.477,1.21,27.81,44.37,44.37,-0.07,0.15,-0.23,3346.16,3336.80,82,245,0.0,85.7,7,1,CROSS=EMA9<EMA21;TREND=1;STRUCT=1;VOL=1;COOL=1;EMA50=1;VWAP=1;BIAS=1,0.00,0.00,21789.94,21789.94,2025.07.25 trades=2 W=0 L=2 gross_profit=0.00 gross_loss=224.20 net=-224.20 PF=0.00
542,2025.07.28 01:00:00,2025.07.28 03:30:00,WEEK_SUMMARY,XAUUSD,M5,115,FLAT,NA,DAY,0,0.00,0.00,0.00,0.00,1.00,0.00,0.00,0.00,0.00,0.00,0.00,0.00,0.00,0.00,0.00,0.00,-4.01,-445.64,3337.18,3338.21,3343.63,3337.19,3338.24,-4.477,1.21,27.81,44.37,44.37,-0.07,0.15,-0.23,3346.16,3336.80,82,245,0.0,85.7,7,1,CROSS=EMA9<EMA21;TREND=1;STRUCT=1;VOL=1;COOL=1;EMA50=1;VWAP=1;BIAS=1,0.00,0.00,21789.94,21789.94,days=3 trades=4 W=0 L=4 gross_profit=0.00 gross_loss=445.64 net=-445.64 PF=0.00 pips=-1329.0
543,2025.07.28 07:00:00,2025.07.28 09:30:00,SKIP,XAUUSD,M5,115,FLAT,NA,DAY,0,0.00,0.00,0.00,0.00,1.00,0.00,0.00,0.00,0.00,0.00,0.00,0.00,0.00,0.00,0.00,0.00,0.00,0.00,3335.93,3335.80,3339.01,3335.63,3335.65,-2.020,1.59,50.35,73.26,73.26,1.73,1.14,0.59,3333.97,3343.24,394,326,100.0,0.0,11,1,CROSS=EMA9<EMA21;TREND=1;STRUCT=1;VOL=1;COOL=1;EMA50=1;VWAP=1;BIAS=1,0.00,0.00,21789.94,21789.94,outside the killzone window
544,2025.07.28 13:35:00,2025.07.28 16:05:00,SKIP,XAUUSD,M5,115,FLAT,NA,EVENING,0,0.00,0.00,0.00,0.00,1.00,0.00,0.00,0.00,0.00,0.00,0.00,0.00,0.00,0.00,0.00,0.00,0.00,0.00,3337.74,3337.75,3338.76,3337.79,3337.77,-0.551,1.83,15.69,44.71,44.71,-0.12,-0.03,-0.09,3336.48,3336.62,392,404,14.3,57.1,5,1,CROSS=EMA9<EMA21;TREND=1;STRUCT=1;VOL=1;COOL=1;EMA50=1;VWAP=1;BIAS=1,0.00,0.00,21789.94,21789.94,outside the killzone window
545,2025.07.29 06:05:00,2025.07.29 08:35:00,ENTRY,XAUUSD,M5,117,BUY,FULLTGT,DAY,0,3318.35,3314.88,3314.88,3.47,1.00,3.47,3321.82,3325.30,3328.77,3332.24,3335.71,0.31,0.31,0.31,3318.35,0.00,0.00,0.00,3315.87,3315.83,3319.32,3315.77,3315.78,-2.009,1.74,33.25,55.15,55.15,1.34,1.70,-0.36,3314.45,3318.23,438,431,71.4,28.6,12,1,CROSS=EMA9>EMA21;TREND=1;STRUCT=1;VOL=1;COOL=1;EMA50=1;VWAP=1;BIAS=1,0.00,0.00,21788.85,21785.13,KZ=ASIA; KZR=Asia L @ 3327.69 173 bars ago (low taken); DAY 12AM-4PM IST session: stop x1.00 of usual; no partials; full size to TP5; SL steps BE->TP1->TP2->TP3
546,2025.07.29 06:25:29,2025.07.29 08:55:29,EXIT_SL,XAUUSD,M5,117,BUY,FULLTGT,DAY,0,3318.35,3314.88,3314.88,3.47,1.00,3.47,3321.82,3325.30,3328.77,3332.24,3335.71,0.31,0.31,0.00,3314.88,0.00,-1.00,-109.75,3315.88,3315.84,3319.19,3315.91,3315.85,-2.116,1.58,38.01,42.81,42.81,0.38,1.20,-0.82,3314.55,3315.22,304,398,28.6,57.1,5,1,CROSS=EMA9>EMA21;TREND=1;STRUCT=1;VOL=1;COOL=1;EMA50=1;VWAP=1;BIAS=1,0.00,-0.99,21680.19,21680.19,stopped at the initial SL (x1.00 of usual)
547,2025.07.29 06:35:00,2025.07.29 09:05:00,ENTRY,XAUUSD,M5,119,SELL,FULLTGT,DAY,0,3313.93,3317.04,3317.04,3.11,1.00,3.11,3310.82,3307.71,3304.60,3301.49,3298.38,0.34,0.34,0.34,3313.93,0.00,0.00,0.00,3315.78,3315.79,3319.10,3315.85,3315.83,-2.126,1.56,44.40,38.04,38.04,-0.06,0.82,-0.89,3314.56,3313.93,261,376,0.0,85.7,5,1,CROSS=EMA9<EMA21;TREND=1;STRUCT=1;VOL=1;COOL=1;EMA50=1;VWAP=1;BIAS=1,0.00,0.00,21679.00,21677.30,KZ=ASIA; KZR=Asia L @ 3327.69 179 bars ago (low taken); DAY 12AM-4PM IST session: stop x1.00 of usual; no partials; full size to TP5; SL steps BE->TP1->TP2->TP3
548,2025.07.29 07:25:25,2025.07.29 09:55:25,TP1_REACHED,XAUUSD,M5,119,SELL,FULLTGT,DAY,0,3313.93,3317.04,3317.04,3.11,1.00,3.11,3310.82,3307.71,3304.60,3301.49,3298.38,0.34,0.00,0.34,3310.82,1.00,1.00,0.00,3314.79,3315.25,3318.50,3314.95,3315.34,-1.841,1.76,38.59,34.21,34.21,-1.16,-0.86,-0.30,3314.36,3310.95,354,349,0.0,100.0,9,1,CROSS=EMA9<EMA21;TREND=1;STRUCT=1;VOL=1;COOL=1;EMA50=1;VWAP=1;BIAS=1,1.02,-0.42,21679.00,21786.44,full target: no partial booked
549,2025.07.29 07:57:36,2025.07.29 10:27:36,EXIT_SL,XAUUSD,M5,119,SELL,FULLTGT,DAY,0,3313.93,3317.04,3317.04,3.11,1.00,3.11,3310.82,3307.71,3304.60,3301.49,3298.38,0.34,0.34,0.00,3317.04,0.00,-1.00,-108.12,3314.49,3315.03,3318.20,3314.43,3315.01,-1.827,1.73,33.14,57.47,57.47,-0.54,-1.02,0.48,3314.26,3315.88,308,321,71.4,14.3,5,1,CROSS=EMA9<EMA21;TREND=1;STRUCT=1;VOL=1;COOL=1;EMA50=1;VWAP=1;BIAS=1,1.59,-0.98,21572.07,21572.07,stopped at the initial SL (x1.00 of usual)
550,2025.07.29 09:00:00,2025.07.29 11:30:00,SKIP,XAUUSD,M5,119,FLAT,NA,DAY,0,0.00,0.00,0.00,0.00,1.00,0.00,0.00,0.00,0.00,0.00,0.00,0.00,0.00,0.00,0.00,0.00,0.00,0.00,3315.59,3315.51,3318.06,3315.41,3315.42,-1.426,1.79,34.68,66.17,66.17,1.18,0.60,0.58,3314.67,3319.96,446,358,100.0,0.0,8,1,CROSS=EMA9<EMA21;TREND=1;STRUCT=1;VOL=1;COOL=1;EMA50=1;VWAP=1;BIAS=1,0.00,0.00,21572.07,21572.07,outside the killzone window
551,2025.07.29 17:15:00,2025.07.29 19:45:00,SKIP,XAUUSD,M5,119,FLAT,NA,EVENING,0,0.00,0.00,0.00,0.00,1.00,0.00,0.00,0.00,0.00,0.00,0.00,0.00,0.00,0.00,0.00,0.00,0.00,0.00,3320.02,3320.03,3319.91,3320.12,3320.08,0.029,4.17,19.77,47.11,47.11,-1.24,-0.85,-0.39,3318.48,3317.69,917,866,14.3,71.4,5,1,CROSS=EMA9<EMA21;TREND=1;STRUCT=1;VOL=1;COOL=1;EMA50=1;VWAP=1;BIAS=1,0.00,0.00,21572.07,21572.07,outside the killzone window
552,2025.07.29 17:25:00,2025.07.29 19:55:00,SKIP,XAUUSD,M5,119,FLAT,NA,EVENING,0,0.00,0.00,0.00,0.00,1.00,0.00,0.00,0.00,0.00,0.00,0.00,0.00,0.00,0.00,0.00,0.00,0.00,0.00,3320.11,3320.07,3319.93,3319.98,3320.01,0.031,4.42,19.26,56.96,56.96,-0.57,-0.94,0.37,3318.52,3323.27,931,880,85.7,0.0,6,1,CROSS=EMA9<EMA21;TREND=1;STRUCT=1;VOL=1;COOL=1;EMA50=1;VWAP=1;BIAS=1,0.00,0.00,21572.07,21572.07,outside the killzone window
553,2025.07.30 01:00:00,2025.07.30 03:30:00,DAY_SUMMARY,XAUUSD,M5,119,FLAT,NA,DAY,0,0.00,0.00,0.00,0.00,1.00,0.00,0.00,0.00,0.00,0.00,0.00,0.00,0.00,0.00,0.00,0.00,-2.00,-217.87,3325.84,3324.82,3323.24,3325.82,3324.79,1.584,1.00,21.94,52.34,52.34,-0.13,-0.28,0.15,3320.62,3326.34,212,327,71.4,0.0,9,1,CROSS=EMA9<EMA21;TREND=1;STRUCT=1;VOL=1;COOL=1;EMA50=1;VWAP=1;BIAS=1,0.00,0.00,21572.07,21572.07,2025.07.29 trades=2 W=0 L=2 gross_profit=0.00 gross_loss=217.87 net=-217.87 PF=0.00
554,2025.07.30 09:20:00,2025.07.30 11:50:00,SKIP,XAUUSD,M5,119,FLAT,NA,DAY,0,0.00,0.00,0.00,0.00,1.00,0.00,0.00,0.00,0.00,0.00,0.00,0.00,0.00,0.00,0.00,0.00,0.00,0.00,3327.27,3327.27,3326.13,3327.40,3327.34,0.551,2.07,20.13,40.00,40.00,-0.88,-0.49,-0.39,3327.86,3323.97,392,326,14.3,71.4,8,1,CROSS=EMA9<EMA21;TREND=1;STRUCT=1;VOL=1;COOL=1;EMA50=1;VWAP=1;BIAS=1,0.00,0.00,21572.07,21572.07,outside the killzone window
555,2025.07.30 10:20:00,2025.07.30 12:50:00,SKIP,XAUUSD,M5,119,FLAT,NA,DAY,0,0.00,0.00,0.00,0.00,1.00,0.00,0.00,0.00,0.00,0.00,0.00,0.00,0.00,0.00,0.00,0.00,0.00,0.00,3327.25,3327.23,3326.23,3327.14,3327.17,0.552,1.81,41.60,63.70,63.70,0.68,-0.23,0.91,3327.72,3330.17,421,436,85.7,0.0,8,1,CROSS=EMA9<EMA21;TREND=1;STRUCT=1;VOL=1;COOL=1;EMA50=1;VWAP=1;BIAS=1,0.00,0.00,21572.07,21572.07,outside the killzone window
556,2025.07.30 15:40:00,2025.07.30 18:10:00,SKIP,XAUUSD,M5,119,FLAT,NA,EVENING,0,0.00,0.00,0.00,0.00,1.00,0.00,0.00,0.00,0.00,0.00,0.00,0.00,0.00,0.00,0.00,0.00,0.00,0.00,3328.53,3328.55,3327.66,3328.71,3328.63,0.329,2.69,20.52,38.02,38.02,-0.81,-0.33,-0.48,3328.33,3324.24,969,543,14.3,71.4,7,1,CROSS=EMA9<EMA21;TREND=1;STRUCT=1;VOL=1;COOL=1;EMA50=1;VWAP=1;BIAS=1,0.00,0.00,21572.07,21572.07,outside the killzone window
557,2025.07.31 06:20:00,2025.07.31 08:50:00,ENTRY,XAUUSD,M5,121,BUY,FULLTGT,DAY,0,3295.69,3291.30,3291.30,4.39,1.00,4.39,3300.08,3304.47,3308.86,3313.26,3317.65,0.24,0.24,0.24,3295.69,0.00,0.00,0.00,3289.70,3289.63,3296.18,3289.45,3289.51,-2.980,2.20,19.12,61.13,61.13,2.00,2.05,-0.05,3287.63,3295.64,483,456,71.4,14.3,5,1,CROSS=EMA9>EMA21;TREND=1;STRUCT=1;VOL=1;COOL=1;EMA50=1;VWAP=1;BIAS=1,0.00,0.00,21571.23,21570.03,KZ=ASIA; KZR=Asia L @ 3308.04 168 bars ago (low taken); DAY 12AM-4PM IST session: stop x1.00 of usual; no partials; full size to TP5; SL steps BE->TP1->TP2->TP3
558,2025.07.31 08:57:28,2025.07.31 11:27:28,TP1_REACHED,XAUUSD,M5,121,BUY,FULLTGT,DAY,0,3295.69,3291.30,3291.30,4.39,1.00,4.39,3300.08,3304.47,3308.86,3313.26,3317.65,0.24,0.00,0.24,3300.08,1.00,1.00,0.00,3294.42,3292.70,3296.19,3294.24,3292.57,-2.209,1.58,16.07,63.42,63.42,0.62,0.63,-0.01,3289.88,3299.04,347,269,71.4,14.3,8,1,CROSS=EMA9>EMA21;TREND=1;STRUCT=1;VOL=1;COOL=1;EMA50=1;VWAP=1;BIAS=1,1.00,-0.46,21571.23,21677.07,full target: no partial booked
559,2025.07.31 09:34:39,2025.07.31 12:04:39,TP2_REACHED,XAUUSD,M5,121,BUY,FULLTGT,DAY,0,3295.69,3291.30,3291.30,4.39,1.00,4.39,3300.08,3304.47,3308.86,3313.26,3317.65,0.24,0.00,0.24,3304.47,2.00,2.00,0.00,3296.26,3293.90,3296.57,3296.02,3293.74,-1.325,2.02,30.50,65.69,65.69,1.89,1.25,0.64,3291.08,3302.05,480,378,85.7,14.3,9,1,CROSS=EMA9>EMA21;TREND=1;STRUCT=1;VOL=1;COOL=1;EMA50=1;VWAP=1;BIAS=1,1.99,-0.46,21571.23,21782.43,full target: no partial booked
560,2025.07.31 10:46:00,2025.07.31 13:16:00,TP3_REACHED,XAUUSD,M5,121,BUY,FULLTGT,DAY,0,3295.69,3291.30,3291.30,4.39,1.00,4.39,3300.08,3304.47,3308.86,3313.26,3317.65,0.24,0.00,0.24,3308.86,3.00,3.00,0.00,3298.46,3295.77,3297.20,3298.22,3295.60,-0.588,2.44,16.75,63.77,63.77,0.99,0.86,0.13,3292.65,3304.19,515,503,85.7,0.0,12,1,CROSS=EMA9>EMA21;TREND=1;STRUCT=1;VOL=1;COOL=1;EMA50=1;VWAP=1;BIAS=1,2.99,-0.46,21571.23,21894.03,full target: no partial booked
561,2025.07.31 11:19:26,2025.07.31 13:49:26,TP4_REACHED,XAUUSD,M5,121,BUY,FULLTGT,DAY,0,3295.69,3291.30,3291.30,4.39,1.00,4.39,3300.08,3304.47,3308.86,3313.26,3317.65,0.24,0.00,0.24,3313.26,4.00,4.00,0.00,3300.21,3297.00,3297.75,3299.89,3296.77,-0.252,3.00,25.80,67.63,67.63,2.14,1.41,0.72,3293.63,3308.24,485,508,85.7,0.0,10,1,CROSS=EMA9>EMA21;TREND=1;STRUCT=1;VOL=1;COOL=1;EMA50=1;VWAP=1;BIAS=1,4.00,-0.46,21571.23,21993.15,full target: no partial booked
562,2025.07.31 18:00:00,2025.07.31 20:30:00,SKIP,XAUUSD,M5,121,BUY,FULLTGT,EVENING,0,3295.69,3291.30,3291.30,4.39,1.00,4.39,3300.08,3304.47,3308.86,3313.26,3317.65,0.24,0.00,0.00,0.00,0.00,0.00,0.00,3302.23,3302.31,3301.39,3302.47,3302.43,0.270,3.38,47.82,39.93,39.93,-2.81,-2.55,-0.26,3299.03,3296.26,872,942,0.0,85.7,9,1,CROSS=EMA9>EMA21;TREND=1;STRUCT=1;VOL=1;COOL=1;EMA50=1;VWAP=1;BIAS=1,4.36,-0.97,21571.23,21582.51,outside the killzone window
563,2025.07.31 19:05:03,2025.07.31 21:35:03,EXIT_SL,XAUUSD,M5,121,BUY,FULLTGT,EVENING,0,3295.69,3291.30,3291.30,4.39,1.00,4.39,3300.08,3304.47,3308.86,3313.26,3317.65,0.24,0.24,0.00,3291.28,0.00,-1.00,-107.52,3299.32,3300.66,3300.63,3299.62,3300.84,0.010,2.93,19.83,37.80,37.80,-1.94,-1.98,0.05,3298.71,3292.00,681,775,14.3,57.1,8,1,CROSS=EMA9>EMA21;TREND=1;STRUCT=1;VOL=1;COOL=1;EMA50=1;VWAP=1;BIAS=1,4.36,-1.00,21464.55,21464.55,stopped at the initial SL (x1.00 of usual)
564,2025.08.01 01:00:00,2025.08.01 03:30:00,DAY_SUMMARY,XAUUSD,M5,121,FLAT,NA,DAY,0,0.00,0.00,0.00,0.00,1.00,0.00,0.00,0.00,0.00,0.00,0.00,0.00,0.00,0.00,0.00,0.00,-1.00,-107.52,3293.66,3295.72,3297.56,3293.82,3295.83,-1.272,1.45,30.47,37.70,37.70,-0.98,-0.86,-0.12,3297.83,3289.94,160,339,0.0,85.7,9,1,CROSS=EMA9>EMA21;TREND=1;STRUCT=1;VOL=1;COOL=1;EMA50=1;VWAP=1;BIAS=1,0.00,0.00,21464.55,21464.55,2025.07.31 trades=1 W=0 L=1 gross_profit=0.00 gross_loss=107.52 net=-107.52 PF=0.00
565,2025.08.01 01:00:00,2025.08.01 03:30:00,MONTH_SUMMARY,XAUUSD,M5,121,FLAT,NA,DAY,0,0.00,0.00,0.00,0.00,1.00,0.00,0.00,0.00,0.00,0.00,0.00,0.00,0.00,0.00,0.00,0.00,-12.04,-1338.08,3293.66,3295.72,3297.56,3293.82,3295.83,-1.272,1.45,30.47,37.70,37.70,-0.98,-0.86,-0.12,3297.83,3289.94,160,339,0.0,85.7,9,1,CROSS=EMA9>EMA21;TREND=1;STRUCT=1;VOL=1;COOL=1;EMA50=1;VWAP=1;BIAS=1,0.00,0.00,21464.55,21464.55,days=10 trades=12 W=0 L=12 gross_profit=0.00 gross_loss=1338.08 net=-1338.08 PF=0.00 pips=-4200.0
566,2025.08.01 08:55:00,2025.08.01 11:25:00,SKIP,XAUUSD,M5,121,FLAT,NA,DAY,0,0.00,0.00,0.00,0.00,1.00,0.00,0.00,0.00,0.00,0.00,0.00,0.00,0.00,0.00,0.00,0.00,0.00,0.00,3292.61,3292.51,3293.94,3292.41,3292.41,-0.799,1.79,27.30,67.68,67.68,1.06,0.57,0.49,3291.07,3297.40,739,356,100.0,0.0,9,1,CROSS=EMA9>EMA21;TREND=1;STRUCT=1;VOL=1;COOL=1;EMA50=1;VWAP=1;BIAS=1,0.00,0.00,21464.55,21464.55,outside the killzone window
567,2025.08.01 10:25:00,2025.08.01 12:55:00,SKIP,XAUUSD,M5,121,FLAT,NA,DAY,0,0.00,0.00,0.00,0.00,1.00,0.00,0.00,0.00,0.00,0.00,0.00,0.00,0.00,0.00,0.00,0.00,0.00,0.00,3292.57,3292.57,3293.75,3292.62,3292.59,-0.572,2.07,24.36,44.91,44.91,-0.65,-0.48,-0.16,3291.48,3291.30,514,517,0.0,71.4,9,1,CROSS=EMA9>EMA21;TREND=1;STRUCT=1;VOL=1;COOL=1;EMA50=1;VWAP=1;BIAS=1,0.00,0.00,21464.55,21464.55,outside the killzone window
568,2025.08.01 12:50:00,2025.08.01 15:20:00,SKIP,XAUUSD,M5,121,FLAT,NA,DAY,0,0.00,0.00,0.00,0.00,1.00,0.00,0.00,0.00,0.00,0.00,0.00,0.00,0.00,0.00,0.00,0.00,0.00,0.00,3292.01,3291.99,3293.06,3291.87,3291.92,-0.588,1.81,41.86,64.87,64.87,1.39,1.18,0.21,3291.27,3295.54,506,454,85.7,14.3,11,1,CROSS=EMA9>EMA21;TREND=1;STRUCT=1;VOL=1;COOL=1;EMA50=1;VWAP=1;BIAS=1,0.00,0.00,21464.55,21464.55,outside the killzone window
569,2025.08.05 07:20:00,2025.08.05 09:50:00,SKIP,XAUUSD,M5,121,FLAT,NA,DAY,0,0.00,0.00,0.00,0.00,1.00,0.00,0.00,0.00,0.00,0.00,0.00,0.00,0.00,0.00,0.00,0.00,0.00,0.00,3375.61,3375.61,3372.30,3375.73,3375.68,2.302,1.44,40.52,40.15,40.15,-1.34,-1.38,0.04,3377.37,3372.56,247,293,14.3,71.4,5,1,CROSS=EMA9>EMA21;TREND=1;STRUCT=1;VOL=1;COOL=1;EMA50=1;VWAP=1;BIAS=1,0.00,0.00,21464.55,21464.55,outside the killzone window
570,2025.08.05 17:20:00,2025.08.05 19:50:00,SKIP,XAUUSD,M5,121,FLAT,NA,EVENING,0,0.00,0.00,0.00,0.00,1.00,0.00,0.00,0.00,0.00,0.00,0.00,0.00,0.00,0.00,0.00,0.00,0.00,0.00,3366.36,3366.18,3367.48,3365.94,3365.96,-0.346,3.77,47.86,66.36,66.36,4.09,4.59,-0.50,3369.36,3376.87,1087,900,85.7,14.3,5,1,CROSS=EMA9>EMA21;TREND=1;STRUCT=1;VOL=1;COOL=1;EMA50=1;VWAP=1;BIAS=1,0.00,0.00,21464.55,21464.55,outside the killzone window
571,2025.08.06 05:45:00,2025.08.06 08:15:00,ENTRY,XAUUSD,M5,123,SELL,FULLTGT,DAY,0,3376.31,3380.45,3380.45,4.14,1.00,4.14,3372.17,3368.02,3363.88,3359.74,3355.60,0.25,0.25,0.25,3376.31,0.00,0.00,0.00,3379.08,3379.11,3377.22,3379.19,3379.16,0.910,2.07,21.09,41.76,41.76,-1.32,-1.54,0.22,3379.76,3376.31,305,467,14.3,57.1,5,1,CROSS=EMA9<EMA21;TREND=1;STRUCT=1;VOL=1;COOL=1;EMA50=1;VWAP=1;BIAS=1,0.00,0.00,21463.67,21462.42,KZ=ASIA; KZR=Asia H @ 3382.48 145 bars ago (high taken); DAY 12AM-4PM IST session: stop x1.00 of usual; no partials; full size to TP5; SL steps BE->TP1->TP2->TP3
572,2025.08.06 08:00:40,2025.08.06 10:30:40,TP1_REACHED,XAUUSD,M5,123,SELL,FULLTGT,DAY,0,3376.31,3380.45,3380.45,4.14,1.00,4.14,3372.17,3368.02,3363.88,3359.74,3355.60,0.25,0.00,0.25,3372.17,1.00,1.00,0.00,3376.40,3377.46,3376.75,3376.56,3377.56,0.655,1.09,22.22,33.54,33.54,-0.86,-0.66,-0.20,3378.60,3372.49,253,241,0.0,85.7,5,1,CROSS=EMA9<EMA21;TREND=1;STRUCT=1;VOL=1;COOL=1;EMA50=1;VWAP=1;BIAS=1,0.99,-0.51,21463.67,21567.42,full target: no partial booked
573,2025.08.06 11:18:18,2025.08.06 13:48:18,TP2_REACHED,XAUUSD,M5,123,SELL,FULLTGT,DAY,0,3376.31,3380.45,3380.45,4.14,1.00,4.14,3372.17,3368.02,3363.88,3359.74,3355.60,0.25,0.00,0.25,3368.02,2.00,2.00,0.00,3374.10,3375.37,3375.74,3374.29,3375.49,-0.168,2.23,30.37,37.13,37.13,-0.86,-0.52,-0.34,3376.66,3369.21,583,457,0.0,85.7,9,1,CROSS=EMA9<EMA21;TREND=1;STRUCT=1;VOL=1;COOL=1;EMA50=1;VWAP=1;BIAS=1,1.99,-0.59,21463.67,21670.92,full target: no partial booked
574,2025.08.06 12:30:26,2025.08.06 15:00:26,TP3_REACHED,XAUUSD,M5,123,SELL,FULLTGT,DAY,0,3376.31,3380.45,3380.45,4.14,1.00,4.14,3372.17,3368.02,3363.88,3359.74,3355.60,0.25,0.00,0.25,3363.88,3.00,3.00,0.00,3370.49,3372.98,3374.41,3370.73,3373.15,-0.784,1.82,24.62,35.28,35.28,-1.92,-2.06,0.14,3375.16,3364.56,530,487,14.3,71.4,8,1,CROSS=EMA9<EMA21;TREND=1;STRUCT=1;VOL=1;COOL=1;EMA50=1;VWAP=1;BIAS=1,3.00,-0.59,21463.67,21774.42,full target: no partial booked
575,2025.08.06 12:50:29,2025.08.06 15:20:29,TP4_REACHED,XAUUSD,M5,123,SELL,FULLTGT,DAY,0,3376.31,3380.45,3380.45,4.14,1.00,4.14,3372.17,3368.02,3363.88,3359.74,3355.60,0.25,0.00,0.25,3359.74,4.00,4.00,0.00,3369.33,3372.19,3373.95,3369.67,3372.41,-1.041,1.69,35.02,26.79,26.79,-2.31,-2.03,-0.28,3374.66,3360.96,630,486,0.0,100.0,11,1,CROSS=EMA9<EMA21;TREND=1;STRUCT=1;VOL=1;COOL=1;EMA50=1;VWAP=1;BIAS=1,4.00,-0.59,21463.67,21879.42,full target: no partial booked
576,2025.08.06 17:45:00,2025.08.06 20:15:00,SKIP,XAUUSD,M5,123,SELL,FULLTGT,EVENING,0,3376.31,3380.45,3380.45,4.14,1.00,4.14,3372.17,3368.02,3363.88,3359.74,3355.60,0.25,0.00,0.00,0.00,0.00,0.00,0.00,3369.18,3369.15,3370.90,3368.85,3368.99,-0.603,2.90,37.26,67.40,67.40,2.76,2.15,0.62,3371.40,3377.30,695,833,85.7,0.0,5,1,CROSS=EMA9<EMA21;TREND=1;STRUCT=1;VOL=1;COOL=1;EMA50=1;VWAP=1;BIAS=1,4.36,-0.59,21463.67,21437.67,outside the killzone window
577,2025.08.06 23:35:00,2025.08.07 02:05:00,SKIP,XAUUSD,M5,123,SELL,FULLTGT,DAY,0,3376.31,3380.45,3380.45,4.14,1.00,4.14,3372.17,3368.02,3363.88,3359.74,3355.60,0.25,0.00,0.00,0.00,0.00,0.00,0.00,3371.87,3371.95,3372.13,3372.03,3372.03,-0.173,1.05,41.37,30.11,30.11,-0.97,-0.62,-0.35,3372.28,3367.98,267,378,0.0,85.7,5,1,CROSS=EMA9<EMA21;TREND=1;STRUCT=1;VOL=1;COOL=1;EMA50=1;VWAP=1;BIAS=1,4.36,-0.90,21463.67,21670.67,outside the killzone window
578,2025.08.07 04:20:00,2025.08.07 06:50:00,FLIP,XAUUSD,M5,123,SELL,FULLTGT,DAY,0,3376.31,3380.45,3380.45,4.14,1.00,4.14,3372.17,3368.02,3363.88,3359.74,3355.60,0.25,0.00,0.00,3376.13,0.00,0.04,0.00,3371.54,3371.50,3371.74,3371.34,3371.40,-0.104,2.36,21.98,64.78,64.78,1.19,0.63,0.56,3371.60,3376.22,775,585,71.4,14.3,6,1,CROSS=EMA9>EMA21;TREND=1;STRUCT=1;VOL=1;COOL=1;EMA50=1;VWAP=1;BIAS=1,4.36,-0.90,21463.67,21501.57,opposite signal before SL/target | SELL -> BUY | closing trade 123
579,2025.08.07 04:20:00,2025.08.07 06:50:00,EXIT_FLIP,XAUUSD,M5,123,SELL,FULLTGT,DAY,0,3376.31,3380.45,3380.45,4.14,1.00,4.14,3372.17,3368.02,3363.88,3359.74,3355.60,0.25,0.25,0.00,3376.13,0.00,0.04,0.00,3371.54,3371.50,3371.74,3371.34,3371.40,-0.104,2.36,21.98,64.78,64.78,1.19,0.63,0.56,3371.60,3376.22,775,585,71.4,14.3,6,1,CROSS=EMA9>EMA21;TREND=1;STRUCT=1;VOL=1;COOL=1;EMA50=1;VWAP=1;BIAS=1,4.36,-0.90,21500.69,21500.69,FLIP exit
580,2025.08.07 04:20:00,2025.08.07 06:50:00,EXIT_OTHER,XAUUSD,M5,123,SELL,FULLTGT,DAY,0,3376.31,3380.45,3380.45,4.14,1.00,4.14,3372.17,3368.02,3363.88,3359.74,3355.60,0.25,0.25,0.00,3376.13,0.00,0.04,36.14,3371.54,3371.50,3371.74,3371.34,3371.40,-0.104,2.36,21.98,64.78,64.78,1.19,0.63,0.56,3371.60,3376.22,775,585,71.4,14.3,6,1,CROSS=EMA9>EMA21;TREND=1;STRUCT=1;VOL=1;COOL=1;EMA50=1;VWAP=1;BIAS=1,4.36,-0.90,21500.69,21500.69,FLIP exit
581,2025.08.07 04:20:00,2025.08.07 06:50:00,ENTRY,XAUUSD,M5,125,BUY,FULLTGT,DAY,123,3376.13,3371.40,3371.40,4.73,1.00,4.73,3380.86,3385.58,3390.31,3395.04,3399.77,0.22,0.22,0.22,3376.13,0.00,0.00,0.00,3371.54,3371.50,3371.74,3371.34,3371.40,-0.104,2.36,21.98,64.78,64.78,1.19,0.63,0.56,3371.60,3376.22,775,585,71.4,14.3,6,1,CROSS=EMA9>EMA21;TREND=1;STRUCT=1;VOL=1;COOL=1;EMA50=1;VWAP=1;BIAS=1,0.00,0.00,21499.92,21498.60,KZ=ASIA; KZR=Asia H @ 3382.48 416 bars ago (high taken); DAY 12AM-4PM IST session: stop x1.00 of usual; no partials; full size to TP5; SL steps BE->TP1->TP2->TP3; flipped from trade 123
582,2025.08.07 04:43:46,2025.08.07 07:13:46,TP1_REACHED,XAUUSD,M5,125,BUY,FULLTGT,DAY,123,3376.13,3371.40,3371.40,4.73,1.00,4.73,3380.86,3385.58,3390.31,3395.04,3399.77,0.22,0.00,0.22,3380.86,1.00,1.00,0.00,3372.55,3372.02,3372.00,3372.27,3371.87,0.011,2.14,35.09,71.77,71.77,2.09,1.21,0.88,3372.46,3379.44,634,646,85.7,0.0,5,1,CROSS=EMA9>EMA21;TREND=1;STRUCT=1;VOL=1;COOL=1;EMA50=1;VWAP=1;BIAS=1,1.00,-0.04,21499.92,21603.98,full target: no partial booked
583,2025.08.07 08:50:15,2025.08.07 11:20:15,EXIT_SL,XAUUSD,M5,125,BUY,FULLTGT,DAY,123,3376.13,3371.40,3371.40,4.73,1.00,4.73,3380.86,3385.58,3390.31,3395.04,3399.77,0.22,0.22,0.00,3371.40,0.00,-1.00,-105.60,3377.36,3376.13,3374.64,3377.58,3376.21,0.833,1.78,28.72,31.37,31.37,-1.18,-0.24,-0.94,3375.91,3372.14,443,398,14.3,85.7,5,1,CROSS=EMA9>EMA21;TREND=1;STRUCT=1;VOL=1;COOL=1;EMA50=1;VWAP=1;BIAS=1,1.67,-0.99,21395.09,21395.09,stopped at the initial SL (x1.00 of usual)
584,2025.08.07 13:55:00,2025.08.07 16:25:00,SKIP,XAUUSD,M5,125,FLAT,NA,EVENING,123,0.00,0.00,0.00,0.00,1.00,0.00,0.00,0.00,0.00,0.00,0.00,0.00,0.00,0.00,0.00,0.00,0.00,0.00,3379.07,3379.10,3377.50,3379.31,3379.22,0.611,2.62,13.65,39.61,39.61,-1.36,-1.41,0.05,3378.77,3373.35,761,655,14.3,71.4,11,1,CROSS=EMA9>EMA21;TREND=1;STRUCT=1;VOL=1;COOL=1;EMA50=1;VWAP=1;BIAS=1,0.00,0.00,21395.09,21395.09,outside the killzone window
585,2025.08.07 15:35:00,2025.08.07 18:05:00,SKIP,XAUUSD,M5,125,FLAT,NA,EVENING,123,0.00,0.00,0.00,0.00,1.00,0.00,0.00,0.00,0.00,0.00,0.00,0.00,0.00,0.00,0.00,0.00,0.00,0.00,3379.16,3379.09,3377.77,3378.80,3378.90,0.392,3.36,33.17,67.60,67.60,1.06,0.23,0.82,3378.78,3388.05,1027,750,100.0,0.0,6,1,CROSS=EMA9>EMA21;TREND=1;STRUCT=1;VOL=1;COOL=1;EMA50=1;VWAP=1;BIAS=1,0.00,0.00,21395.09,21395.09,outside the killzone window
586,2025.08.08 01:00:00,2025.08.08 03:30:00,DAY_SUMMARY,XAUUSD,M5,125,FLAT,NA,DAY,123,0.00,0.00,0.00,0.00,1.00,0.00,0.00,0.00,0.00,0.00,0.00,0.00,0.00,0.00,0.00,0.00,-0.96,-69.46,3393.90,3390.47,3386.22,3393.82,3390.36,1.551,2.74,20.73,49.04,49.04,1.42,2.40,-0.98,3383.24,3395.88,504,707,28.6,42.9,50,1,CROSS=EMA9>EMA21;TREND=1;STRUCT=1;VOL=1;COOL=1;EMA50=1;VWAP=1;BIAS=1,0.00,0.00,21395.09,21395.09,2025.08.07 trades=2 W=1 L=1 gross_profit=36.14 gross_loss=105.60 net=-69.46 PF=0.34
587,2025.08.08 04:55:00,2025.08.08 07:25:00,ENTRY,XAUUSD,M5,127,SELL,FULLTGT,DAY,0,3383.40,3390.90,3390.90,7.50,1.00,7.50,3375.90,3368.40,3360.90,3353.41,3345.91,0.14,0.14,0.14,3383.40,0.00,0.00,0.00,3392.01,3392.12,3389.10,3392.36,3392.29,0.804,3.75,53.19,35.56,35.56,-3.60,-3.56,-0.04,3393.13,3383.40,767,1006,0.0,85.7,9,1,CROSS=EMA9<EMA21;TREND=1;STRUCT=1;VOL=1;COOL=1;EMA50=1;VWAP=1;BIAS=1,0.00,0.00,21394.60,21393.34,KZ=ASIA; KZR=Asia H @ 3385.38 230 bars ago (high taken); DAY 12AM-4PM IST session: stop x1.00 of usual; no partials; full size to TP5; SL steps BE->TP1->TP2->TP3
588,2025.08.08 06:33:15,2025.08.08 09:03:15,EXIT_SL,XAUUSD,M5,127,SELL,FULLTGT,DAY,0,3383.40,3390.90,3390.90,7.50,1.00,7.50,3375.90,3368.40,3360.90,3353.41,3345.91,0.14,0.14,0.00,3390.92,0.00,-1.00,-106.26,3389.49,3390.57,3388.77,3389.52,3390.60,0.770,2.33,27.46,52.61,52.61,-0.42,-0.62,0.20,3391.40,3388.75,747,741,57.1,42.9,11,1,CROSS=EMA9<EMA21;TREND=1;STRUCT=1;VOL=1;COOL=1;EMA50=1;VWAP=1;BIAS=1,0.13,-1.00,21288.83,21288.83,stopped at the initial SL (x1.00 of usual)
589,2025.08.08 07:20:00,2025.08.08 09:50:00,SKIP,XAUUSD,M5,127,FLAT,NA,DAY,0,0.00,0.00,0.00,0.00,1.00,0.00,0.00,0.00,0.00,0.00,0.00,0.00,0.00,0.00,0.00,0.00,0.00,0.00,3391.62,3391.53,3389.44,3391.40,3391.42,0.874,2.39,37.26,68.16,68.16,2.33,1.74,0.58,3391.91,3397.02,497,741,85.7,0.0,9,1,CROSS=EMA9<EMA21;TREND=1;STRUCT=1;VOL=1;COOL=1;EMA50=1;VWAP=1;BIAS=1,0.00,0.00,21288.83,21288.83,outside the killzone window
590,2025.08.08 14:10:00,2025.08.08 16:40:00,SKIP,XAUUSD,M5,127,FLAT,NA,EVENING,0,0.00,0.00,0.00,0.00,1.00,0.00,0.00,0.00,0.00,0.00,0.00,0.00,0.00,0.00,0.00,0.00,0.00,0.00,3394.45,3394.58,3392.86,3394.80,3394.76,0.595,2.89,63.40,29.32,29.32,-3.25,-2.43,-0.82,3393.92,3385.76,956,826,0.0,100.0,5,1,CROSS=EMA9<EMA21;TREND=1;STRUCT=1;VOL=1;COOL=1;EMA50=1;VWAP=1;BIAS=1,0.00,0.00,21288.83,21288.83,outside the killzone window
591,2025.08.08 19:25:00,2025.08.08 21:55:00,SKIP,XAUUSD,M5,127,FLAT,NA,EVENING,0,0.00,0.00,0.00,0.00,1.00,0.00,0.00,0.00,0.00,0.00,0.00,0.00,0.00,0.00,0.00,0.00,0.00,0.00,3392.79,3392.79,3392.35,3392.60,3392.69,0.166,2.69,31.93,61.19,61.19,1.38,0.94,0.43,3393.08,3397.66,923,866,100.0,0.0,5,1,CROSS=EMA9<EMA21;TREND=1;STRUCT=1;VOL=1;COOL=1;EMA50=1;VWAP=1;BIAS=1,0.00,0.00,21288.83,21288.83,outside the killzone window
592,2025.08.11 01:00:00,2025.08.11 03:30:00,DAY_SUMMARY,XAUUSD,M5,127,FLAT,NA,DAY,0,0.00,0.00,0.00,0.00,1.00,0.00,0.00,0.00,0.00,0.00,0.00,0.00,0.00,0.00,0.00,0.00,-1.00,-106.26,3396.08,3395.29,3394.14,3396.02,3395.25,0.450,2.56,19.36,52.60,52.60,0.24,0.03,0.21,3393.71,3397.42,68,603,71.4,0.0,8,1,CROSS=EMA9<EMA21;TREND=1;STRUCT=1;VOL=1;COOL=1;EMA50=1;VWAP=1;BIAS=1,0.00,0.00,21288.83,21288.83,2025.08.08 trades=1 W=0 L=1 gross_profit=0.00 gross_loss=106.26 net=-106.26 PF=0.00
593,2025.08.11 01:00:00,2025.08.11 03:30:00,WEEK_SUMMARY,XAUUSD,M5,127,FLAT,NA,DAY,0,0.00,0.00,0.00,0.00,1.00,0.00,0.00,0.00,0.00,0.00,0.00,0.00,0.00,0.00,0.00,0.00,-1.96,-175.72,3396.08,3395.29,3394.14,3396.02,3395.25,0.450,2.56,19.36,52.60,52.60,0.24,0.03,0.21,3393.71,3397.42,68,603,71.4,0.0,8,1,CROSS=EMA9<EMA21;TREND=1;STRUCT=1;VOL=1;COOL=1;EMA50=1;VWAP=1;BIAS=1,0.00,0.00,21288.83,21288.83,days=2 trades=3 W=1 L=2 gross_profit=36.14 gross_loss=211.86 net=-175.72 PF=0.17 pips=-1207.0
594,2025.08.11 03:05:00,2025.08.11 05:35:00,SKIP,XAUUSD,M5,127,FLAT,NA,DAY,0,0.00,0.00,0.00,0.00,1.00,0.00,0.00,0.00,0.00,0.00,0.00,0.00,0.00,0.00,0.00,0.00,0.00,0.00,3394.71,3394.82,3394.15,3394.96,3394.95,0.327,2.05,26.19,33.09,33.09,-1.14,-0.58,-0.57,3394.50,3388.67,718,247,0.0,100.0,9,1,CROSS=EMA9<EMA21;TREND=1;STRUCT=1;VOL=1;COOL=1;EMA50=1;VWAP=1;BIAS=1,0.00,0.00,21288.83,21288.83,already positioned that way
595,2025.08.12 06:00:00,2025.08.12 08:30:00,ENTRY,XAUUSD,M5,129,BUY,FULLTGT,DAY,0,3353.15,3349.08,3349.08,4.07,1.00,4.07,3357.22,3361.29,3365.36,3369.43,3373.50,0.26,0.26,0.26,3353.15,0.00,0.00,0.00,3351.24,3351.21,3354.71,3351.16,3351.18,-1.720,2.03,13.59,54.72,54.72,0.30,0.17,0.13,3350.62,3353.08,293,472,71.4,0.0,5,1,CROSS=EMA9>EMA21;TREND=1;STRUCT=1;VOL=1;COOL=1;EMA50=1;VWAP=1;BIAS=1,0.00,0.00,21287.92,21286.62,KZ=ASIA; KZR=Asia L @ 3365.39 245 bars ago (low taken); DAY 12AM-4PM IST session: stop x1.00 of usual; no partials; full size to TP5; SL steps BE->TP1->TP2->TP3
596,2025.08.12 06:53:13,2025.08.12 09:23:13,EXIT_SL,XAUUSD,M5,129,BUY,FULLTGT,DAY,0,3353.15,3349.08,3349.08,4.07,1.00,4.07,3357.22,3361.29,3365.36,3369.43,3373.50,0.26,0.26,0.00,3349.08,0.00,-1.00,-107.64,3351.47,3351.36,3354.46,3351.53,3351.39,-1.908,1.62,25.91,42.36,42.36,-0.27,0.28,-0.56,3350.86,3350.07,191,334,14.3,71.4,12,1,CROSS=EMA9>EMA21;TREND=1;STRUCT=1;VOL=1;COOL=1;EMA50=1;VWAP=1;BIAS=1,0.55,-0.99,21181.19,21181.19,stopped at the initial SL (x1.00 of usual)
597,2025.08.12 07:05:00,2025.08.12 09:35:00,SKIP,XAUUSD,M5,129,FLAT,NA,DAY,0,0.00,0.00,0.00,0.00,1.00,0.00,0.00,0.00,0.00,0.00,0.00,0.00,0.00,0.00,0.00,0.00,0.00,0.00,3351.24,3351.25,3354.31,3351.28,3351.27,-1.988,1.54,32.86,45.79,45.79,-0.58,-0.12,-0.46,3350.80,3350.34,314,336,0.0,85.7,5,1,CROSS=EMA9>EMA21;TREND=1;STRUCT=1;VOL=1;COOL=1;EMA50=1;VWAP=1;BIAS=1,0.00,0.00,21181.19,21181.19,outside the killzone window
598,2025.08.12 07:10:00,2025.08.12 09:40:00,SKIP,XAUUSD,M5,129,FLAT,NA,DAY,0,0.00,0.00,0.00,0.00,1.00,0.00,0.00,0.00,0.00,0.00,0.00,0.00,0.00,0.00,0.00,0.00,0.00,0.00,3351.27,3351.27,3354.29,3351.24,3351.25,-1.834,1.65,28.88,52.62,52.62,-0.43,-0.23,-0.21,3350.81,3352.03,306,333,71.4,14.3,5,1,CROSS=EMA9>EMA21;TREND=1;STRUCT=1;VOL=1;COOL=1;EMA50=1;VWAP=1;BIAS=1,0.00,0.00,21181.19,21181.19,outside the killzone window
599,2025.08.12 09:30:00,2025.08.12 12:00:00,SKIP,XAUUSD,M5,129,FLAT,NA,DAY,0,0.00,0.00,0.00,0.00,1.00,0.00,0.00,0.00,0.00,0.00,0.00,0.00,0.00,0.00,0.00,0.00,0.00,0.00,3351.38,3351.48,3353.71,3351.65,3351.61,-0.818,2.73,36.55,30.64,30.64,-1.71,-0.42,-1.29,3350.93,3344.90,694,449,14.3,85.7,6,1,CROSS=EMA9>EMA21;TREND=1;STRUCT=1;VOL=1;COOL=1;EMA50=1;VWAP=1;BIAS=1,0.00,0.00,21181.19,21181.19,outside the killzone window
600,2025.08.12 20:15:00,2025.08.12 22:45:00,SKIP,XAUUSD,M5,129,FLAT,NA,EVENING,0,0.00,0.00,0.00,0.00,1.00,0.00,0.00,0.00,0.00,0.00,0.00,0.00,0.00,0.00,0.00,0.00,0.00,0.00,3346.98,3346.96,3348.61,3346.85,3346.89,-0.795,2.08,17.85,55.60,55.60,0.99,1.25,-0.26,3347.79,3350.02,458,726,57.1,14.3,11,1,CROSS=EMA9>EMA21;TREND=1;STRUCT=1;VOL=1;COOL=1;EMA50=1;VWAP=1;BIAS=1,0.00,0.00,21181.19,21181.19,outside the killzone window
601,2025.08.13 01:00:00,2025.08.13 03:30:00,DAY_SUMMARY,XAUUSD,M5,129,FLAT,NA,DAY,0,0.00,0.00,0.00,0.00,1.00,0.00,0.00,0.00,0.00,0.00,0.00,0.00,0.00,0.00,0.00,0.00,-1.00,-107.64,3347.94,3347.70,3348.48,3347.94,3347.69,-0.730,1.07,20.53,49.71,49.71,0.10,-0.09,0.19,3347.85,3348.03,121,292,42.9,28.6,7,1,CROSS=EMA9>EMA21;TREND=1;STRUCT=1;VOL=1;COOL=1;EMA50=1;VWAP=1;BIAS=1,0.00,0.00,21181.19,21181.19,2025.08.12 trades=1 W=0 L=1 gross_profit=0.00 gross_loss=107.64 net=-107.64 PF=0.00
602,2025.08.13 04:00:00,2025.08.13 06:30:00,ENTRY,XAUUSD,M5,131,SELL,FULLTGT,DAY,0,3343.68,3347.30,3347.30,3.62,1.00,3.62,3340.06,3336.45,3332.83,3329.21,3325.59,0.29,0.29,0.29,3343.68,0.00,0.00,0.00,3348.34,3348.35,3348.70,3348.53,3348.44,-0.193,1.81,65.02,30.63,30.63,-1.61,-1.17,-0.44,3348.48,3343.67,381,372,0.0,100.0,5,1,CROSS=EMA9<EMA21;TREND=1;STRUCT=1;VOL=1;COOL=1;EMA50=1;VWAP=1;BIAS=1,0.00,0.00,21180.17,21178.72,KZ=ASIA; KZR=Asia L @ 3346.26 224 bars ago (low taken); DAY 12AM-4PM IST session: stop x1.00 of usual; no partials; full size to TP5; SL steps BE->TP1->TP2->TP3
603,2025.08.13 04:07:30,2025.08.13 06:37:30,EXIT_SL,XAUUSD,M5,131,SELL,FULLTGT,DAY,0,3343.68,3347.30,3347.30,3.62,1.00,3.62,3340.06,3336.45,3332.83,3329.21,3325.59,0.29,0.29,0.00,3347.32,0.00,-1.01,-107.60,3348.25,3348.30,3348.67,3348.34,3348.35,-0.190,1.95,61.44,43.50,43.50,-1.49,-1.28,-0.21,3348.28,3346.02,718,404,14.3,85.7,9,1,CROSS=EMA9<EMA21;TREND=1;STRUCT=1;VOL=1;COOL=1;EMA50=1;VWAP=1;BIAS=1,0.05,-1.00,21073.59,21073.59,stopped at the initial SL (x1.00 of usual)
604,2025.08.13 05:25:00,2025.08.13 07:55:00,ENTRY,XAUUSD,M5,133,BUY,FULLTGT,DAY,0,3350.26,3345.14,3345.14,5.12,1.00,5.12,3355.38,3360.49,3365.61,3370.72,3375.84,0.20,0.20,0.20,3350.26,0.00,0.00,0.00,3348.31,3348.30,3348.61,3348.23,3348.26,-0.121,2.56,26.44,56.49,56.49,0.33,0.16,0.16,3348.22,3350.21,499,615,85.7,0.0,5,1,CROSS=EMA9>EMA21;TREND=1;STRUCT=1;VOL=1;COOL=1;EMA50=1;VWAP=1;BIAS=1,0.00,0.00,21072.89,21071.89,KZ=ASIA; KZR=Asia L @ 3346.26 241 bars ago (low taken); DAY 12AM-4PM IST session: stop x1.00 of usual; no partials; full size to TP5; SL steps BE->TP1->TP2->TP3
605,2025.08.13 09:16:36,2025.08.13 11:46:36,TP1_REACHED,XAUUSD,M5,133,BUY,FULLTGT,DAY,0,3350.26,3345.14,3345.14,5.12,1.00,5.12,3355.38,3360.49,3365.61,3370.72,3375.84,0.20,0.00,0.20,3355.38,1.00,1.00,0.00,3350.08,3349.65,3349.35,3349.94,3349.57,0.151,1.97,26.92,63.03,63.03,0.21,-0.37,0.58,3349.33,3353.56,624,363,100.0,0.0,6,1,CROSS=EMA9>EMA21;TREND=1;STRUCT=1;VOL=1;COOL=1;EMA50=1;VWAP=1;BIAS=1,0.99,-0.89,21072.89,21175.29,full target: no partial booked
606,2025.08.13 10:25:03,2025.08.13 12:55:03,TP2_REACHED,XAUUSD,M5,133,BUY,FULLTGT,DAY,0,3350.26,3345.14,3345.14,5.12,1.00,5.12,3355.38,3360.49,3365.61,3370.72,3375.84,0.20,0.00,0.20,3360.49,2.00,2.00,0.00,3352.85,3351.31,3350.27,3352.55,3351.13,0.458,2.26,43.18,69.90,69.90,2.06,1.64,0.42,3350.45,3360.27,579,540,100.0,0.0,6,1,CROSS=EMA9>EMA21;TREND=1;STRUCT=1;VOL=1;COOL=1;EMA50=1;VWAP=1;BIAS=1,2.00,-0.89,21072.89,21277.89,full target: no partial booked
607,2025.08.13 12:42:40,2025.08.13 15:12:40,TP3_REACHED,XAUUSD,M5,133,BUY,FULLTGT,DAY,0,3350.26,3345.14,3345.14,5.12,1.00,5.12,3355.38,3360.49,3365.61,3370.72,3375.84,0.20,0.00,0.20,3365.61,3.00,3.00,0.00,3356.95,3354.40,3352.23,3356.68,3354.22,1.055,2.06,41.49,67.91,67.91,1.86,1.51,0.36,3352.30,3363.51,677,527,100.0,0.0,10,1,CROSS=EMA9>EMA21;TREND=1;STRUCT=1;VOL=1;COOL=1;EMA50=1;VWAP=1;BIAS=1,2.99,-0.89,21072.89,21380.09,full target: no partial booked
608,2025.08.13 17:09:16,2025.08.13 19:39:16,TP4_REACHED,XAUUSD,M5,133,BUY,FULLTGT,EVENING,0,3350.26,3345.14,3345.14,5.12,1.00,5.12,3355.38,3360.49,3365.61,3370.72,3375.84,0.20,0.00,0.20,3370.72,4.00,4.00,0.00,3360.24,3358.73,3355.95,3360.00,3358.57,0.845,3.29,37.73,66.21,66.21,1.14,-0.31,1.45,3355.38,3366.28,1013,791,100.0,0.0,7,1,CROSS=EMA9>EMA21;TREND=1;STRUCT=1;VOL=1;COOL=1;EMA50=1;VWAP=1;BIAS=1,4.00,-0.89,21072.89,21483.69,full target: no partial booked
609,2025.08.13 20:40:00,2025.08.13 23:10:00,SKIP,XAUUSD,M5,133,BUY,FULLTGT,EVENING,0,3350.26,3345.14,3345.14,5.12,1.00,5.12,3355.38,3360.49,3365.61,3370.72,3375.84,0.20,0.00,0.00,0.00,0.00,0.00,0.00,3358.97,3358.97,3357.16,3359.12,3359.05,1.159,1.56,23.03,36.66,36.66,-0.77,-0.49,-0.29,3356.45,3355.20,379,401,0.0,71.4,5,1,CROSS=EMA9>EMA21;TREND=1;STRUCT=1;VOL=1;COOL=1;EMA50=1;VWAP=1;BIAS=1,4.02,-0.89,21072.89,21171.69,outside the killzone window
610,2025.08.14 01:00:00,2025.08.14 03:30:00,DAY_SUMMARY,XAUUSD,M5,133,BUY,FULLTGT,DAY,0,3350.26,3345.14,3345.14,5.12,1.00,5.12,3355.38,3360.49,3365.61,3370.72,3375.84,0.20,0.00,0.00,0.00,0.00,-1.01,-107.60,3356.16,3356.86,3356.44,3356.17,3356.88,0.486,0.87,26.11,49.27,49.27,0.25,0.50,-0.25,3356.28,3355.88,85,234,0.0,85.7,9,1,CROSS=EMA9>EMA21;TREND=1;STRUCT=1;VOL=1;COOL=1;EMA50=1;VWAP=1;BIAS=1,4.02,-0.89,21072.89,21169.96,2025.08.13 trades=1 W=0 L=1 gross_profit=0.00 gross_loss=107.60 net=-107.60 PF=0.00
611,2025.08.14 02:25:00,2025.08.14 04:55:00,SKIP,XAUUSD,M5,133,BUY,FULLTGT,DAY,0,3350.26,3345.14,3345.14,5.12,1.00,5.12,3355.38,3360.49,3365.61,3370.72,3375.84,0.20,0.00,0.00,0.00,0.00,0.00,0.00,3357.37,3357.33,3356.75,3357.25,3357.27,0.591,0.98,22.05,64.53,64.53,1.07,0.73,0.33,3358.56,3360.25,164,190,71.4,0.0,12,1,CROSS=EMA9>EMA21;TREND=1;STRUCT=1;VOL=1;COOL=1;EMA50=1;VWAP=1;BIAS=1,4.02,-0.89,21072.89,21234.76,already positioned that way
612,2025.08.14 08:30:00,2025.08.14 11:00:00,SKIP,XAUUSD,M5,133,BUY,FULLTGT,DAY,0,3350.26,3345.14,3345.14,5.12,1.00,5.12,3355.38,3360.49,3365.61,3370.72,3375.84,0.20,0.00,0.00,0.00,0.00,0.00,0.00,3361.55,3361.56,3360.23,3361.65,3361.61,0.945,1.41,16.96,41.90,41.90,-0.42,-0.44,0.02,3364.16,3359.21,467,333,28.6,57.1,5,1,CROSS=EMA9>EMA21;TREND=1;STRUCT=1;VOL=1;COOL=1;EMA50=1;VWAP=1;BIAS=1,4.78,-0.89,21072.89,21213.96,outside the killzone window
613,2025.08.14 10:58:00,2025.08.14 13:28:00,EXIT_SL,XAUUSD,M5,133,BUY,FULLTGT,DAY,0,3350.26,3345.14,3345.14,5.12,1.00,5.12,3355.38,3360.49,3365.61,3370.72,3375.84,0.20,0.20,0.00,3345.11,0.00,-1.01,-142.33,3359.63,3360.40,3359.91,3360.07,3360.63,0.151,3.21,38.36,25.96,25.96,-1.78,0.13,-1.91,3362.46,3348.89,839,649,0.0,100.0,8,1,CROSS=EMA9>EMA21;TREND=1;STRUCT=1;VOL=1;COOL=1;EMA50=1;VWAP=1;BIAS=1,4.78,-0.99,20931.26,20931.26,stopped at the initial SL (x1.00 of usual)
614,2025.08.15 01:00:00,2025.08.15 03:30:00,DAY_SUMMARY,XAUUSD,M5,133,FLAT,NA,DAY,0,0.00,0.00,0.00,0.00,1.00,0.00,0.00,0.00,0.00,0.00,0.00,0.00,0.00,0.00,0.00,0.00,-1.01,-142.33,3337.79,3340.67,3345.66,3337.89,3340.78,-4.769,1.05,55.59,38.80,38.80,-0.94,-0.77,-0.17,3351.35,3335.38,141,279,0.0,85.7,8,1,CROSS=EMA9>EMA21;TREND=1;STRUCT=1;VOL=1;COOL=1;EMA50=1;VWAP=1;BIAS=1,0.00,0.00,20931.26,20931.26,2025.08.14 trades=1 W=0 L=1 gross_profit=0.00 gross_loss=142.33 net=-142.33 PF=0.00
615,2025.08.15 06:40:00,2025.08.15 09:10:00,SKIP,XAUUSD,M5,133,FLAT,NA,DAY,0,0.00,0.00,0.00,0.00,1.00,0.00,0.00,0.00,0.00,0.00,0.00,0.00,0.00,0.00,0.00,0.00,0.00,0.00,3338.61,3338.53,3341.54,3338.42,3338.43,-2.497,1.21,27.07,72.73,72.73,1.32,1.03,0.29,3337.23,3343.47,314,381,85.7,0.0,5,1,CROSS=EMA9>EMA21;TREND=1;STRUCT=1;VOL=1;COOL=1;EMA50=1;VWAP=1;BIAS=1,0.00,0.00,20931.26,20931.26,already positioned that way
616,2025.08.15 13:45:00,2025.08.15 16:15:00,SKIP,XAUUSD,M5,133,FLAT,NA,EVENING,0,0.00,0.00,0.00,0.00,1.00,0.00,0.00,0.00,0.00,0.00,0.00,0.00,0.00,0.00,0.00,0.00,0.00,0.00,3341.44,3341.49,3342.09,3341.56,3341.55,-0.305,1.98,37.62,40.85,40.85,-0.96,-0.52,-0.44,3340.73,3338.42,365,448,0.0,85.7,5,1,CROSS=EMA9>EMA21;TREND=1;STRUCT=1;VOL=1;COOL=1;EMA50=1;VWAP=1;BIAS=1,0.00,0.00,20931.26,20931.26,outside the killzone window
617,2025.08.15 18:35:00,2025.08.15 21:05:00,SKIP,XAUUSD,M5,133,FLAT,NA,EVENING,0,0.00,0.00,0.00,0.00,1.00,0.00,0.00,0.00,0.00,0.00,0.00,0.00,0.00,0.00,0.00,0.00,0.00,0.00,3340.84,3340.79,3341.33,3340.73,3340.74,-0.261,2.04,32.23,59.73,59.73,1.16,0.98,0.19,3340.46,3343.64,452,729,85.7,0.0,5,1,CROSS=EMA9>EMA21;TREND=1;STRUCT=1;VOL=1;COOL=1;EMA50=1;VWAP=1;BIAS=1,0.00,0.00,20931.26,20931.26,outside the killzone window
618,2025.08.15 19:35:00,2025.08.15 22:05:00,SKIP,XAUUSD,M5,133,FLAT,NA,EVENING,0,0.00,0.00,0.00,0.00,1.00,0.00,0.00,0.00,0.00,0.00,0.00,0.00,0.00,0.00,0.00,0.00,0.00,0.00,3340.73,3340.77,3341.26,3340.83,3340.82,-0.299,1.64,47.43,37.85,37.85,-0.60,0.20,-0.79,3340.48,3338.15,440,510,0.0,85.7,5,1,CROSS=EMA9>EMA21;TREND=1;STRUCT=1;VOL=1;COOL=1;EMA50=1;VWAP=1;BIAS=1,0.00,0.00,20931.26,20931.26,outside the killzone window
619,2025.08.18 01:00:00,2025.08.18 03:30:00,WEEK_SUMMARY,XAUUSD,M5,133,FLAT,NA,DAY,0,0.00,0.00,0.00,0.00,1.00,0.00,0.00,0.00,0.00,0.00,0.00,0.00,0.00,0.00,0.00,0.00,-3.01,-357.57,3337.34,3338.22,3339.45,3337.41,3338.27,-1.277,0.96,41.73,39.89,39.89,-0.29,0.04,-0.33,3339.97,3335.78,110,280,0.0,85.7,8,1,CROSS=EMA9>EMA21;TREND=1;STRUCT=1;VOL=1;COOL=1;EMA50=1;VWAP=1;BIAS=1,0.00,0.00,20931.26,20931.26,days=3 trades=3 W=0 L=3 gross_profit=0.00 gross_loss=357.57 net=-357.57 PF=0.00 pips=-1286.0
620,2025.08.18 04:35:00,2025.08.18 07:05:00,SKIP,XAUUSD,M5,133,FLAT,NA,DAY,0,0.00,0.00,0.00,0.00,1.00,0.00,0.00,0.00,0.00,0.00,0.00,0.00,0.00,0.00,0.00,0.00,0.00,0.00,3336.85,3336.85,3338.04,3336.69,3336.77,-0.562,2.12,43.05,60.40,60.40,2.22,2.49,-0.27,3335.97,3340.85,534,578,71.4,14.3,5,1,CROSS=EMA9>EMA21;TREND=1;STRUCT=1;VOL=1;COOL=1;EMA50=1;VWAP=1;BIAS=1,0.00,0.00,20931.26,20931.26,already positioned that way
621,2025.08.18 16:10:00,2025.08.18 18:40:00,SKIP,XAUUSD,M5,133,FLAT,NA,EVENING,0,0.00,0.00,0.00,0.00,1.00,0.00,0.00,0.00,0.00,0.00,0.00,0.00,0.00,0.00,0.00,0.00,0.00,0.00,3347.19,3347.30,3345.77,3347.41,3347.41,0.718,2.13,36.87,29.00,29.00,-1.13,-0.63,-0.50,3345.74,3341.57,704,460,0.0,100.0,8,1,CROSS=EMA9>EMA21;TREND=1;STRUCT=1;VOL=1;COOL=1;EMA50=1;VWAP=1;BIAS=1,0.00,0.00,20931.26,20931.26,outside the killzone window
622,2025.08.19 06:25:00,2025.08.19 08:55:00,SKIP,XAUUSD,M5,133,FLAT,NA,DAY,0,0.00,0.00,0.00,0.00,1.00,0.00,0.00,0.00,0.00,0.00,0.00,0.00,0.00,0.00,0.00,0.00,0.00,0.00,3334.94,3334.84,3336.50,3334.68,3334.71,-0.976,1.70,41.81,72.77,72.77,1.93,0.91,1.02,3334.22,3341.30,457,427,100.0,0.0,5,1,CROSS=EMA9>EMA21;TREND=1;STRUCT=1;VOL=1;COOL=1;EMA50=1;VWAP=1;BIAS=1,0.00,0.00,20931.26,20931.26,already positioned that way
623,2025.08.19 16:15:00,2025.08.19 18:45:00,SKIP,XAUUSD,M5,133,FLAT,NA,EVENING,0,0.00,0.00,0.00,0.00,1.00,0.00,0.00,0.00,0.00,0.00,0.00,0.00,0.00,0.00,0.00,0.00,0.00,0.00,3338.41,3338.44,3338.10,3338.77,3338.62,0.138,2.46,57.12,20.10,20.10,-2.32,-1.51,-0.81,3336.90,3329.64,1187,519,0.0,100.0,2,1,CROSS=EMA9>EMA21;TREND=1;STRUCT=1;VOL=1;COOL=1;EMA50=1;VWAP=1;BIAS=1,0.00,0.00,20931.26,20931.26,outside the killzone window
624,2025.08.20 08:45:00,2025.08.20 11:15:00,SKIP,XAUUSD,M5,133,FLAT,NA,DAY,0,0.00,0.00,0.00,0.00,1.00,0.00,0.00,0.00,0.00,0.00,0.00,0.00,0.00,0.00,0.00,0.00,0.00,0.00,3317.94,3317.92,3320.92,3317.84,3317.87,-2.526,1.19,22.26,59.12,59.12,0.71,0.76,-0.05,3315.94,3320.35,339,274,57.1,28.6,5,1,CROSS=EMA9>EMA21;TREND=1;STRUCT=1;VOL=1;COOL=1;EMA50=1;VWAP=1;BIAS=1,0.00,0.00,20931.26,20931.26,outside the killzone window
625,2025.08.21 05:40:00,2025.08.21 08:10:00,ENTRY,XAUUSD,M5,135,SELL,FULLTGT,DAY,0,3341.65,3344.69,3344.69,3.04,1.00,3.04,3338.61,3335.57,3332.53,3329.49,3326.45,0.34,0.34,0.34,3341.65,0.00,0.00,0.00,3344.36,3344.37,3341.02,3344.47,3344.42,2.199,1.52,23.80,40.91,40.91,-0.84,-0.71,-0.13,3345.18,3341.75,335,346,0.0,71.4,5,1,CROSS=EMA9<EMA21;TREND=1;STRUCT=1;VOL=1;COOL=1;EMA50=1;VWAP=1;BIAS=1,0.00,0.00,20930.07,20928.37,KZ=ASIA; KZR=Asia L @ 3326.08 449 bars ago (low taken); DAY 12AM-4PM IST session: stop x1.00 of usual; no partials; full size to TP5; SL steps BE->TP1->TP2->TP3
626,2025.08.21 05:52:29,2025.08.21 08:22:29,EXIT_SL,XAUUSD,M5,135,SELL,FULLTGT,DAY,0,3341.65,3344.69,3344.69,3.04,1.00,3.04,3338.61,3335.57,3332.53,3329.49,3326.45,0.34,0.34,0.00,3344.69,0.00,-1.00,-105.74,3344.23,3344.30,3341.06,3344.27,3344.32,2.367,1.37,20.53,50.32,50.32,-0.68,-0.74,0.06,3345.07,3343.29,373,336,57.1,28.6,5,1,CROSS=EMA9<EMA21;TREND=1;STRUCT=1;VOL=1;COOL=1;EMA50=1;VWAP=1;BIAS=1,0.14,-1.00,20825.52,20825.52,stopped at the initial SL (x1.00 of usual)
627,2025.08.21 16:35:00,2025.08.21 19:05:00,SKIP,XAUUSD,M5,135,FLAT,NA,EVENING,0,0.00,0.00,0.00,0.00,1.00,0.00,0.00,0.00,0.00,0.00,0.00,0.00,0.00,0.00,0.00,0.00,0.00,0.00,3339.00,3338.93,3339.21,3338.68,3338.77,-0.085,3.34,22.99,66.47,66.47,2.50,2.02,0.48,3339.95,3346.91,1004,717,85.7,0.0,6,1,CROSS=EMA9<EMA21;TREND=1;STRUCT=1;VOL=1;COOL=1;EMA50=1;VWAP=1;BIAS=1,0.00,0.00,20825.52,20825.52,outside the killzone window
628,2025.08.21 21:15:00,2025.08.21 23:45:00,SKIP,XAUUSD,M5,135,FLAT,NA,EVENING,0,0.00,0.00,0.00,0.00,1.00,0.00,0.00,0.00,0.00,0.00,0.00,0.00,0.00,0.00,0.00,0.00,0.00,0.00,3340.26,3340.30,3340.08,3340.37,3340.36,0.168,1.28,39.99,39.15,39.15,-1.12,-0.93,-0.20,3340.60,3337.45,273,342,0.0,85.7,5,1,CROSS=EMA9<EMA21;TREND=1;STRUCT=1;VOL=1;COOL=1;EMA50=1;VWAP=1;BIAS=1,0.00,0.00,20825.52,20825.52,outside the killzone window
629,2025.08.22 01:00:00,2025.08.22 03:30:00,DAY_SUMMARY,XAUUSD,M5,135,FLAT,NA,DAY,0,0.00,0.00,0.00,0.00,1.00,0.00,0.00,0.00,0.00,0.00,0.00,0.00,0.00,0.00,0.00,0.00,-1.00,-105.74,3339.44,3339.78,3339.85,3339.47,3339.80,-0.093,0.78,24.95,45.04,45.04,-0.39,-0.37,-0.02,3340.52,3338.60,107,182,0.0,71.4,8,1,CROSS=EMA9<EMA21;TREND=1;STRUCT=1;VOL=1;COOL=1;EMA50=1;VWAP=1;BIAS=1,0.00,0.00,20825.52,20825.52,2025.08.21 trades=1 W=0 L=1 gross_profit=0.00 gross_loss=105.74 net=-105.74 PF=0.00
630,2025.08.22 17:10:00,2025.08.22 19:40:00,SKIP,XAUUSD,M5,135,FLAT,NA,EVENING,0,0.00,0.00,0.00,0.00,1.00,0.00,0.00,0.00,0.00,0.00,0.00,0.00,0.00,0.00,0.00,0.00,0.00,0.00,3330.87,3330.69,3332.28,3329.90,3330.21,-0.351,4.53,53.07,85.85,85.85,4.24,1.31,2.93,3332.03,3354.63,1696,825,100.0,0.0,7,1,CROSS=EMA9<EMA21;TREND=1;STRUCT=1;VOL=1;COOL=1;EMA50=1;VWAP=1;BIAS=1,0.00,0.00,20825.52,20825.52,outside the killzone window
631,2025.08.25 01:00:00,2025.08.25 03:30:00,WEEK_SUMMARY,XAUUSD,M5,135,FLAT,NA,DAY,0,0.00,0.00,0.00,0.00,1.00,0.00,0.00,0.00,0.00,0.00,0.00,0.00,0.00,0.00,0.00,0.00,-1.00,-105.74,3370.26,3363.95,3354.51,3370.21,3363.80,9.359,1.01,17.62,50.76,50.76,-0.05,-0.16,0.11,3347.41,3371.59,73,279,71.4,0.0,6,1,CROSS=EMA9<EMA21;TREND=1;STRUCT=1;VOL=1;COOL=1;EMA50=1;VWAP=1;BIAS=1,0.00,0.00,20825.52,20825.52,days=1 trades=1 W=0 L=1 gross_profit=0.00 gross_loss=105.74 net=-105.74 PF=0.00 pips=-304.0
632,2025.08.25 12:20:00,2025.08.25 14:50:00,SKIP,XAUUSD,M5,135,FLAT,NA,DAY,0,0.00,0.00,0.00,0.00,1.00,0.00,0.00,0.00,0.00,0.00,0.00,0.00,0.00,0.00,0.00,0.00,0.00,0.00,3365.55,3365.60,3362.87,3365.67,3365.66,2.834,0.96,39.01,33.98,33.98,-1.05,-0.87,-0.18,3365.73,3362.62,268,249,0.0,100.0,9,1,CROSS=EMA9<EMA21;TREND=1;STRUCT=1;VOL=1;COOL=1;EMA50=1;VWAP=1;BIAS=1,0.00,0.00,20825.52,20825.52,outside the killzone window
633,2025.08.25 13:05:00,2025.08.25 15:35:00,SKIP,XAUUSD,M5,135,FLAT,NA,DAY,0,0.00,0.00,0.00,0.00,1.00,0.00,0.00,0.00,0.00,0.00,0.00,0.00,0.00,0.00,0.00,0.00,0.00,0.00,3365.65,3365.63,3363.12,3365.56,3365.58,2.024,1.24,33.97,65.57,65.57,0.36,-0.43,0.79,3365.72,3367.80,341,266,100.0,0.0,9,1,CROSS=EMA9<EMA21;TREND=1;STRUCT=1;VOL=1;COOL=1;EMA50=1;VWAP=1;BIAS=1,0.00,0.00,20825.52,20825.52,outside the killzone window
634,2025.08.25 23:10:00,2025.08.26 01:40:00,SKIP,XAUUSD,M5,135,FLAT,NA,DAY,0,0.00,0.00,0.00,0.00,1.00,0.00,0.00,0.00,0.00,0.00,0.00,0.00,0.00,0.00,0.00,0.00,0.00,0.00,3370.08,3370.12,3368.30,3370.27,3370.21,1.855,0.98,59.08,22.64,22.64,-1.62,-1.31,-0.31,3368.35,3365.34,192,305,0.0,85.7,5,1,CROSS=EMA9<EMA21;TREND=1;STRUCT=1;VOL=1;COOL=1;EMA50=1;VWAP=1;BIAS=1,0.00,0.00,20825.52,20825.52,outside the killzone window
635,2025.08.26 04:00:00,2025.08.26 06:30:00,ENTRY,XAUUSD,M5,137,BUY,FULLTGT,DAY,0,3383.19,3373.49,3373.49,9.70,1.00,9.70,3392.89,3402.58,3412.28,3421.97,3431.67,0.10,0.10,0.10,3383.19,0.00,0.00,0.00,3368.14,3367.93,3367.44,3367.52,3367.63,0.103,4.85,55.34,73.98,73.98,5.97,3.58,2.38,3368.96,3383.14,860,781,85.7,14.3,5,1,CROSS=EMA9>EMA21;TREND=1;STRUCT=1;VOL=1;COOL=1;EMA50=1;VWAP=1;BIAS=1,0.00,0.00,20825.17,20824.67,KZ=ASIA; KZR=Asia H @ 3369.72 214 bars ago (high taken); DAY 12AM-4PM IST session: stop x1.00 of usual; no partials; full size to TP5; SL steps BE->TP1->TP2->TP3
636,2025.08.26 04:19:36,2025.08.26 06:49:36,EXIT_SL,XAUUSD,M5,137,BUY,FULLTGT,DAY,0,3383.19,3373.49,3373.49,9.70,1.00,9.70,3392.89,3402.58,3412.28,3421.97,3431.67,0.10,0.10,0.00,3373.48,0.00,-1.00,-97.80,3369.19,3368.49,3367.74,3368.92,3368.34,0.148,5.12,41.00,57.32,57.32,4.85,5.00,-0.15,3370.18,3375.89,868,842,85.7,14.3,5,1,CROSS=EMA9>EMA21;TREND=1;STRUCT=1;VOL=1;COOL=1;EMA50=1;VWAP=1;BIAS=1,0.19,-1.00,20727.72,20727.72,stopped at the initial SL (x1.00 of usual)
637,2025.08.26 13:45:00,2025.08.26 16:15:00,SKIP,XAUUSD,M5,137,FLAT,NA,EVENING,0,0.00,0.00,0.00,0.00,1.00,0.00,0.00,0.00,0.00,0.00,0.00,0.00,0.00,0.00,0.00,0.00,0.00,0.00,3373.82,3373.85,3372.46,3374.00,3373.94,0.646,2.15,40.71,38.53,38.53,-1.72,-1.34,-0.38,3373.42,3369.38,482,444,14.3,85.7,8,1,CROSS=EMA9>EMA21;TREND=1;STRUCT=1;VOL=1;COOL=1;EMA50=1;VWAP=1;BIAS=1,0.00,0.00,20727.72,20727.72,outside the killzone window
638,2025.08.26 14:20:00,2025.08.26 16:50:00,SKIP,XAUUSD,M5,137,FLAT,NA,EVENING,0,0.00,0.00,0.00,0.00,1.00,0.00,0.00,0.00,0.00,0.00,0.00,0.00,0.00,0.00,0.00,0.00,0.00,0.00,3373.86,3373.85,3372.56,3373.71,3373.78,0.658,1.97,34.44,63.25,63.25,0.16,-1.07,1.23,3373.44,3377.29,517,457,100.0,0.0,5,1,CROSS=EMA9>EMA21;TREND=1;STRUCT=1;VOL=1;COOL=1;EMA50=1;VWAP=1;BIAS=1,0.00,0.00,20727.72,20727.72,outside the killzone window
639,2025.08.27 01:00:00,2025.08.27 03:30:00,DAY_SUMMARY,XAUUSD,M5,137,FLAT,NA,DAY,0,0.00,0.00,0.00,0.00,1.00,0.00,0.00,0.00,0.00,0.00,0.00,0.00,0.00,0.00,0.00,0.00,-1.00,-97.80,3387.23,3383.99,3380.12,3386.98,3383.80,3.693,1.05,56.99,75.77,75.77,1.68,1.59,0.09,3376.49,3393.49,121,301,85.7,0.0,8,1,CROSS=EMA9>EMA21;TREND=1;STRUCT=1;VOL=1;COOL=1;EMA50=1;VWAP=1;BIAS=1,0.00,0.00,20727.72,20727.72,2025.08.26 trades=1 W=0 L=1 gross_profit=0.00 gross_loss=97.80 net=-97.80 PF=0.00
640,2025.08.27 06:30:00,2025.08.27 09:00:00,ENTRY,XAUUSD,M5,139,SELL,FULLTGT,DAY,0,3382.07,3384.76,3384.76,2.69,1.00,2.69,3379.38,3376.70,3374.01,3371.33,3368.64,0.38,0.38,0.38,3382.07,0.00,0.00,0.00,3386.27,3386.32,3383.78,3386.44,3386.40,1.887,1.34,39.57,34.78,34.78,-1.22,-1.11,-0.10,3387.82,3382.07,299,325,0.0,85.7,5,1,CROSS=EMA9<EMA21;TREND=1;STRUCT=1;VOL=1;COOL=1;EMA50=1;VWAP=1;BIAS=1,0.00,0.00,20726.39,20724.49,KZ=ASIA; KZR=Asia H @ 3386.47 138 bars ago (high taken); DAY 12AM-4PM IST session: stop x1.00 of usual; no partials; full size to TP5; SL steps BE->TP1->TP2->TP3
641,2025.08.27 07:11:23,2025.08.27 09:41:23,TP1_REACHED,XAUUSD,M5,139,SELL,FULLTGT,DAY,0,3382.07,3384.76,3384.76,2.69,1.00,2.69,3379.38,3376.70,3374.01,3371.33,3368.64,0.38,0.00,0.38,3379.38,1.00,1.00,0.00,3384.91,3385.58,3383.60,3385.12,3385.70,1.915,1.04,55.10,26.86,26.86,-1.52,-1.29,-0.23,3387.19,3379.65,348,300,0.0,100.0,5,1,CROSS=EMA9<EMA21;TREND=1;STRUCT=1;VOL=1;COOL=1;EMA50=1;VWAP=1;BIAS=1,1.02,-0.46,20726.39,20828.99,full target: no partial booked
642,2025.08.27 07:35:24,2025.08.27 10:05:24,TP2_REACHED,XAUUSD,M5,139,SELL,FULLTGT,DAY,0,3382.07,3384.76,3384.76,2.69,1.00,2.69,3379.38,3376.70,3374.01,3371.33,3368.64,0.38,0.00,0.38,3376.70,2.00,2.00,0.00,3383.68,3384.88,3383.34,3383.96,3385.04,1.389,1.11,70.57,18.80,18.80,-2.01,-1.59,-0.42,3386.60,3376.72,316,287,0.0,100.0,5,1,CROSS=EMA9<EMA21;TREND=1;STRUCT=1;VOL=1;COOL=1;EMA50=1;VWAP=1;BIAS=1,2.00,-0.46,20726.39,20931.59,full target: no partial booked
643,2025.08.27 07:52:39,2025.08.27 10:22:39,TP3_REACHED,XAUUSD,M5,139,SELL,FULLTGT,DAY,0,3382.07,3384.76,3384.76,2.69,1.00,2.69,3379.38,3376.70,3374.01,3371.33,3368.64,0.38,0.00,0.38,3374.01,3.00,3.00,0.00,3382.76,3384.34,3383.11,3383.08,3384.53,0.972,1.27,78.22,16.56,16.56,-2.37,-1.89,-0.48,3386.13,3375.04,389,308,14.3,85.7,5,1,CROSS=EMA9<EMA21;TREND=1;STRUCT=1;VOL=1;COOL=1;EMA50=1;VWAP=1;BIAS=1,3.00,-0.46,20726.39,21034.19,full target: no partial booked
644,2025.08.27 11:23:42,2025.08.27 13:53:42,EXIT_SL,XAUUSD,M5,139,SELL,FULLTGT,DAY,0,3382.07,3384.76,3384.76,2.69,1.00,2.69,3379.38,3376.70,3374.01,3371.33,3368.64,0.38,0.38,0.00,3384.76,0.00,-1.00,-104.88,3379.42,3380.93,3381.42,3379.26,3380.88,-0.266,1.84,45.11,68.02,68.02,1.17,0.21,0.96,3382.80,3383.35,623,470,85.7,14.3,5,1,CROSS=EMA9<EMA21;TREND=1;STRUCT=1;VOL=1;COOL=1;EMA50=1;VWAP=1;BIAS=1,3.08,-0.99,20622.84,20622.84,stopped at the initial SL (x1.00 of usual)
645,2025.08.27 17:50:00,2025.08.27 20:20:00,SKIP,XAUUSD,M5,139,FLAT,NA,EVENING,0,0.00,0.00,0.00,0.00,1.00,0.00,0.00,0.00,0.00,0.00,0.00,0.00,0.00,0.00,0.00,0.00,0.00,0.00,3380.12,3380.11,3380.57,3379.98,3380.04,-0.207,2.22,41.11,59.85,59.85,0.88,0.27,0.61,3381.30,3383.48,564,774,85.7,0.0,5,1,CROSS=EMA9<EMA21;TREND=1;STRUCT=1;VOL=1;COOL=1;EMA50=1;VWAP=1;BIAS=1,0.00,0.00,20622.84,20622.84,outside the killzone window
646,2025.08.28 01:00:00,2025.08.28 03:30:00,DAY_SUMMARY,XAUUSD,M5,139,FLAT,NA,DAY,0,0.00,0.00,0.00,0.00,1.00,0.00,0.00,0.00,0.00,0.00,0.00,0.00,0.00,0.00,0.00,0.00,-1.00,-104.88,3394.33,3391.21,3387.62,3394.22,3391.09,4.076,0.88,17.68,61.11,61.11,0.51,0.32,0.18,3384.69,3397.04,424,340,71.4,14.3,8,1,CROSS=EMA9<EMA21;TREND=1;STRUCT=1;VOL=1;COOL=1;EMA50=1;VWAP=1;BIAS=1,0.00,0.00,20622.84,20622.84,2025.08.27 trades=1 W=0 L=1 gross_profit=0.00 gross_loss=104.88 net=-104.88 PF=0.00
647,2025.08.28 05:10:00,2025.08.28 07:40:00,SKIP,XAUUSD,M5,139,FLAT,NA,DAY,0,0.00,0.00,0.00,0.00,1.00,0.00,0.00,0.00,0.00,0.00,0.00,0.00,0.00,0.00,0.00,0.00,0.00,0.00,3392.31,3392.40,3389.99,3392.59,3392.55,1.199,2.02,39.08,24.18,24.18,-2.67,-2.45,-0.21,3392.63,3385.36,490,506,0.0,85.7,10,1,CROSS=EMA9<EMA21;TREND=1;STRUCT=1;VOL=1;COOL=1;EMA50=1;VWAP=1;BIAS=1,0.00,0.00,20622.84,20622.84,already positioned that way
648,2025.08.28 10:05:00,2025.08.28 12:35:00,SKIP,XAUUSD,M5,139,FLAT,NA,DAY,0,0.00,0.00,0.00,0.00,1.00,0.00,0.00,0.00,0.00,0.00,0.00,0.00,0.00,0.00,0.00,0.00,0.00,0.00,3391.37,3391.34,3390.29,3391.23,3391.27,0.541,1.94,34.18,62.34,62.34,1.30,0.67,0.63,3391.43,3394.81,546,489,85.7,14.3,12,1,CROSS=EMA9<EMA21;TREND=1;STRUCT=1;VOL=1;COOL=1;EMA50=1;VWAP=1;BIAS=1,0.00,0.00,20622.84,20622.84,outside the killzone window
649,2025.08.29 05:10:00,2025.08.29 07:40:00,SKIP,XAUUSD,M5,139,FLAT,NA,DAY,0,0.00,0.00,0.00,0.00,1.00,0.00,0.00,0.00,0.00,0.00,0.00,0.00,0.00,0.00,0.00,0.00,0.00,0.00,3413.63,3413.65,3410.08,3413.69,3413.69,2.252,1.59,40.39,49.09,49.09,-1.16,-1.51,0.35,3413.27,3412.15,444,492,14.3,71.4,5,1,CROSS=EMA9<EMA21;TREND=1;STRUCT=1;VOL=1;COOL=1;EMA50=1;VWAP=1;BIAS=1,0.00,0.00,20622.84,20622.84,already positioned that way
650,2025.08.29 16:05:00,2025.08.29 18:35:00,SKIP,XAUUSD,M5,139,FLAT,NA,EVENING,0,0.00,0.00,0.00,0.00,1.00,0.00,0.00,0.00,0.00,0.00,0.00,0.00,0.00,0.00,0.00,0.00,0.00,0.00,3410.09,3410.07,3409.89,3409.79,3409.92,0.081,2.20,36.29,78.21,78.21,2.14,1.16,0.99,3410.88,3417.45,861,671,100.0,0.0,6,1,CROSS=EMA9<EMA21;TREND=1;STRUCT=1;VOL=1;COOL=1;EMA50=1;VWAP=1;BIAS=1,0.00,0.00,20622.84,20622.84,outside the killzone window
651,2025.09.01 01:00:00,2025.09.01 03:30:00,WEEK_SUMMARY,XAUUSD,M5,139,FLAT,NA,DAY,0,0.00,0.00,0.00,0.00,1.00,0.00,0.00,0.00,0.00,0.00,0.00,0.00,0.00,0.00,0.00,0.00,-2.00,-202.68,3445.51,3439.56,3430.50,3445.37,3439.37,4.462,2.03,29.10,55.15,55.15,0.84,1.01,-0.17,3425.60,3448.93,70,517,71.4,14.3,12,1,CROSS=EMA9<EMA21;TREND=1;STRUCT=1;VOL=1;COOL=1;EMA50=1;VWAP=1;BIAS=1,0.00,0.00,20622.84,20622.84,days=2 trades=2 W=0 L=2 gross_profit=0.00 gross_loss=202.68 net=-202.68 PF=0.00 pips=-1240.0
652,2025.09.01 01:00:00,2025.09.01 03:30:00,MONTH_SUMMARY,XAUUSD,M5,139,FLAT,NA,DAY,0,0.00,0.00,0.00,0.00,1.00,0.00,0.00,0.00,0.00,0.00,0.00,0.00,0.00,0.00,0.00,0.00,-7.98,-841.71,3445.51,3439.56,3430.50,3445.37,3439.37,4.462,2.03,29.10,55.15,55.15,0.84,1.01,-0.17,3425.60,3448.93,70,517,71.4,14.3,12,1,CROSS=EMA9<EMA21;TREND=1;STRUCT=1;VOL=1;COOL=1;EMA50=1;VWAP=1;BIAS=1,0.00,0.00,20622.84,20622.84,days=8 trades=9 W=1 L=8 gross_profit=36.14 gross_loss=877.85 net=-841.71 PF=0.04 pips=-4037.0
653,2025.09.02 11:05:00,2025.09.02 13:35:00,SKIP,XAUUSD,M5,139,FLAT,NA,DAY,0,0.00,0.00,0.00,0.00,1.00,0.00,0.00,0.00,0.00,0.00,0.00,0.00,0.00,0.00,0.00,0.00,0.00,0.00,3487.04,3487.33,3482.98,3487.63,3487.63,1.176,3.70,33.47,28.24,28.24,-3.88,-2.99,-0.89,3488.88,3472.57,1143,874,0.0,100.0,8,1,CROSS=EMA9<EMA21;TREND=1;STRUCT=1;VOL=1;COOL=1;EMA50=1;VWAP=1;BIAS=1,0.00,0.00,20622.84,20622.84,outside the killzone window
654,2025.09.02 17:05:00,2025.09.02 19:35:00,SKIP,XAUUSD,M5,139,FLAT,NA,EVENING,0,0.00,0.00,0.00,0.00,1.00,0.00,0.00,0.00,0.00,0.00,0.00,0.00,0.00,0.00,0.00,0.00,0.00,0.00,3484.13,3484.04,3482.71,3483.76,3483.85,0.254,5.22,29.19,64.88,64.88,1.82,0.58,1.24,3485.95,3493.18,1580,1212,100.0,0.0,8,1,CROSS=EMA9<EMA21;TREND=1;STRUCT=1;VOL=1;COOL=1;EMA50=1;VWAP=1;BIAS=1,0.00,0.00,20622.84,20622.84,outside the killzone window
655,2025.09.04 03:40:00,2025.09.04 06:10:00,SKIP,XAUUSD,M5,139,FLAT,NA,DAY,0,0.00,0.00,0.00,0.00,1.00,0.00,0.00,0.00,0.00,0.00,0.00,0.00,0.00,0.00,0.00,0.00,0.00,0.00,3560.74,3560.77,3554.96,3560.87,3560.84,2.171,2.68,19.24,45.36,45.36,-0.90,-1.17,0.26,3559.22,3557.51,589,537,14.3,71.4,5,1,CROSS=EMA9<EMA21;TREND=1;STRUCT=1;VOL=1;COOL=1;EMA50=1;VWAP=1;BIAS=1,0.00,0.00,20622.84,20622.84,already positioned that way
656,2025.09.04 15:05:00,2025.09.04 17:35:00,SKIP,XAUUSD,M5,139,FLAT,NA,EVENING,0,0.00,0.00,0.00,0.00,1.00,0.00,0.00,0.00,0.00,0.00,0.00,0.00,0.00,0.00,0.00,0.00,0.00,0.00,3541.25,3541.19,3543.19,3541.02,3541.07,-0.705,2.85,27.99,63.20,63.20,1.39,0.48,0.91,3542.07,3546.86,803,569,100.0,0.0,5,1,CROSS=EMA9<EMA21;TREND=1;STRUCT=1;VOL=1;COOL=1;EMA50=1;VWAP=1;BIAS=1,0.00,0.00,20622.84,20622.84,outside the killzone window
657,2025.09.05 01:35:00,2025.09.05 04:05:00,SKIP,XAUUSD,M5,139,FLAT,NA,DAY,0,0.00,0.00,0.00,0.00,1.00,0.00,0.00,0.00,0.00,0.00,0.00,0.00,0.00,0.00,0.00,0.00,0.00,0.00,3546.54,3546.55,3546.03,3546.69,3546.63,0.288,1.82,32.04,39.25,39.25,-1.64,-1.23,-0.41,3543.02,3542.76,191,237,0.0,85.7,9,1,CROSS=EMA9<EMA21;TREND=1;STRUCT=1;VOL=1;COOL=1;EMA50=1;VWAP=1;BIAS=1,0.00,0.00,20622.84,20622.84,outside the killzone window
658,2025.09.05 03:00:00,2025.09.05 05:30:00,ENTRY,XAUUSD,M5,141,BUY,FULLTGT,DAY,0,3552.71,3547.97,3547.97,4.74,1.00,4.74,3557.45,3562.18,3566.92,3571.65,3576.39,0.21,0.21,0.21,3552.71,0.00,0.00,0.00,3546.29,3546.28,3545.93,3546.03,3546.15,0.148,2.37,50.21,67.65,67.65,1.85,0.09,1.76,3545.85,3552.66,532,313,85.7,14.3,5,1,CROSS=EMA9>EMA21;TREND=1;STRUCT=1;VOL=1;COOL=1;EMA50=1;VWAP=1;BIAS=1,0.00,0.00,20622.10,20621.05,KZ=ASIA; KZR=Asia H @ 3546.62 441 bars ago (high taken); DAY 12AM-4PM IST session: stop x1.00 of usual; no partials; full size to TP5; SL steps BE->TP1->TP2->TP3
659,2025.09.05 05:31:29,2025.09.05 08:01:29,EXIT_SL,XAUUSD,M5,141,BUY,FULLTGT,DAY,0,3552.71,3547.97,3547.97,4.74,1.00,4.74,3557.45,3562.18,3566.92,3571.65,3576.39,0.21,0.21,0.00,3547.95,0.00,-1.01,-101.44,3550.72,3549.16,3547.68,3550.74,3549.14,0.698,2.12,14.43,45.10,45.10,0.25,0.72,-0.47,3550.80,3550.37,500,641,14.3,57.1,12,1,CROSS=EMA9>EMA21;TREND=1;STRUCT=1;VOL=1;COOL=1;EMA50=1;VWAP=1;BIAS=1,0.83,-1.00,20521.40,20521.40,stopped at the initial SL (x1.00 of usual)
660,2025.09.05 11:15:00,2025.09.05 13:45:00,SKIP,XAUUSD,M5,141,FLAT,NA,DAY,0,0.00,0.00,0.00,0.00,1.00,0.00,0.00,0.00,0.00,0.00,0.00,0.00,0.00,0.00,0.00,0.00,0.00,0.00,3552.08,3552.15,3550.63,3552.28,3552.26,0.599,2.54,35.56,35.39,35.39,-1.76,-1.69,-0.07,3552.28,3547.01,738,585,0.0,100.0,5,1,CROSS=EMA9>EMA21;TREND=1;STRUCT=1;VOL=1;COOL=1;EMA50=1;VWAP=1;BIAS=1,0.00,0.00,20521.40,20521.40,outside the killzone window
661,2025.09.05 15:35:00,2025.09.05 18:05:00,SKIP,XAUUSD,M5,141,FLAT,NA,EVENING,0,0.00,0.00,0.00,0.00,1.00,0.00,0.00,0.00,0.00,0.00,0.00,0.00,0.00,0.00,0.00,0.00,0.00,0.00,3552.36,3551.88,3550.94,3551.34,3551.36,0.200,4.67,14.23,83.85,83.85,2.52,0.48,2.04,3552.18,3577.32,1763,697,85.7,0.0,7,1,CROSS=EMA9>EMA21;TREND=1;STRUCT=1;VOL=1;COOL=1;EMA50=1;VWAP=1;BIAS=1,0.00,0.00,20521.40,20521.40,outside the killzone window
662,2025.09.08 01:00:00,2025.09.08 03:30:00,DAY_SUMMARY,XAUUSD,M5,141,FLAT,NA,DAY,0,0.00,0.00,0.00,0.00,1.00,0.00,0.00,0.00,0.00,0.00,0.00,0.00,0.00,0.00,0.00,0.00,-1.01,-101.44,3591.36,3586.66,3576.75,3591.56,3586.66,4.544,2.18,35.12,33.06,33.06,-1.76,-1.33,-0.43,3571.15,3586.58,124,491,28.6,57.1,8,1,CROSS=EMA9>EMA21;TREND=1;STRUCT=1;VOL=1;COOL=1;EMA50=1;VWAP=1;BIAS=1,0.00,0.00,20521.40,20521.40,2025.09.05 trades=1 W=0 L=1 gross_profit=0.00 gross_loss=101.44 net=-101.44 PF=0.00
663,2025.09.08 01:00:00,2025.09.08 03:30:00,WEEK_SUMMARY,XAUUSD,M5,141,FLAT,NA,DAY,0,0.00,0.00,0.00,0.00,1.00,0.00,0.00,0.00,0.00,0.00,0.00,0.00,0.00,0.00,0.00,0.00,-1.01,-101.44,3591.36,3586.66,3576.75,3591.56,3586.66,4.544,2.18,35.12,33.06,33.06,-1.76,-1.33,-0.43,3571.15,3586.58,124,491,28.6,57.1,8,1,CROSS=EMA9>EMA21;TREND=1;STRUCT=1;VOL=1;COOL=1;EMA50=1;VWAP=1;BIAS=1,0.00,0.00,20521.40,20521.40,days=1 trades=1 W=0 L=1 gross_profit=0.00 gross_loss=101.44 net=-101.44 PF=0.00 pips=-476.0
664,2025.09.08 07:05:00,2025.09.08 09:35:00,SKIP,XAUUSD,M5,141,FLAT,NA,DAY,0,0.00,0.00,0.00,0.00,1.00,0.00,0.00,0.00,0.00,0.00,0.00,0.00,0.00,0.00,0.00,0.00,0.00,0.00,3588.30,3588.34,3583.22,3588.50,3588.44,2.247,2.28,42.31,37.59,37.59,-1.60,-1.01,-0.59,3589.79,3583.42,652,581,0.0,100.0,12,1,CROSS=EMA9>EMA21;TREND=1;STRUCT=1;VOL=1;COOL=1;EMA50=1;VWAP=1;BIAS=1,0.00,0.00,20521.40,20521.40,outside the killzone window
665,2025.09.08 09:35:00,2025.09.08 12:05:00,SKIP,XAUUSD,M5,141,FLAT,NA,DAY,0,0.00,0.00,0.00,0.00,1.00,0.00,0.00,0.00,0.00,0.00,0.00,0.00,0.00,0.00,0.00,0.00,0.00,0.00,3587.69,3587.61,3584.04,3587.44,3587.48,1.380,2.59,49.16,65.27,65.27,2.37,1.66,0.71,3589.27,3593.84,635,518,85.7,14.3,6,1,CROSS=EMA9>EMA21;TREND=1;STRUCT=1;VOL=1;COOL=1;EMA50=1;VWAP=1;BIAS=1,0.00,0.00,20521.40,20521.40,outside the killzone window
666,2025.09.09 18:20:00,2025.09.09 20:50:00,SKIP,XAUUSD,M5,141,FLAT,NA,EVENING,0,0.00,0.00,0.00,0.00,1.00,0.00,0.00,0.00,0.00,0.00,0.00,0.00,0.00,0.00,0.00,0.00,0.00,0.00,3649.76,3649.85,3645.91,3650.44,3650.19,0.607,6.50,25.63,30.71,30.71,-4.54,-2.83,-1.71,3648.23,3633.03,1583,1429,0.0,100.0,8,1,CROSS=EMA9>EMA21;TREND=1;STRUCT=1;VOL=1;COOL=1;EMA50=1;VWAP=1;BIAS=1,0.00,0.00,20521.40,20521.40,outside the killzone window
667,2025.09.10 07:40:00,2025.09.10 10:10:00,SKIP,XAUUSD,M5,141,FLAT,NA,DAY,0,0.00,0.00,0.00,0.00,1.00,0.00,0.00,0.00,0.00,0.00,0.00,0.00,0.00,0.00,0.00,0.00,0.00,0.00,3635.33,3635.29,3637.35,3635.08,3635.17,-1.353,1.52,48.11,69.13,69.13,2.31,1.95,0.36,3631.48,3641.39,294,369,85.7,0.0,9,1,CROSS=EMA9>EMA21;TREND=1;STRUCT=1;VOL=1;COOL=1;EMA50=1;VWAP=1;BIAS=1,0.00,0.00,20521.40,20521.40,outside the killzone window
668,2025.09.10 19:30:00,2025.09.10 22:00:00,SKIP,XAUUSD,M5,141,FLAT,NA,EVENING,0,0.00,0.00,0.00,0.00,1.00,0.00,0.00,0.00,0.00,0.00,0.00,0.00,0.00,0.00,0.00,0.00,0.00,0.00,3647.26,3647.29,3645.47,3647.51,3647.41,0.591,3.07,19.43,38.65,38.65,-1.62,-1.27,-0.35,3643.10,3641.15,669,816,0.0,71.4,5,1,CROSS=EMA9>EMA21;TREND=1;STRUCT=1;VOL=1;COOL=1;EMA50=1;VWAP=1;BIAS=1,0.00,0.00,20521.40,20521.40,outside the killzone window
669,2025.09.11 04:35:00,2025.09.11 07:05:00,SKIP,XAUUSD,M5,141,FLAT,NA,DAY,0,0.00,0.00,0.00,0.00,1.00,0.00,0.00,0.00,0.00,0.00,0.00,0.00,0.00,0.00,0.00,0.00,0.00,0.00,3643.97,3643.96,3644.09,3643.87,3643.91,-0.058,2.23,25.05,56.08,56.08,1.03,0.76,0.27,3644.03,3646.41,554,435,85.7,14.3,9,1,CROSS=EMA9>EMA21;TREND=1;STRUCT=1;VOL=1;COOL=1;EMA50=1;VWAP=1;BIAS=1,0.00,0.00,20521.40,20521.40,already positioned that way
670,2025.09.11 04:45:00,2025.09.11 07:15:00,ENTRY,XAUUSD,M5,143,SELL,FULLTGT,DAY,0,3643.14,3647.83,3647.83,4.69,1.00,4.69,3638.45,3633.76,3629.07,3624.37,3619.68,0.21,0.21,0.21,3643.14,0.00,0.00,0.00,3643.94,3643.94,3644.08,3643.97,3643.96,-0.058,2.35,22.71,44.99,44.99,0.55,0.76,-0.21,3644.04,3643.14,496,467,0.0,85.7,12,1,CROSS=EMA9<EMA21;TREND=1;STRUCT=1;VOL=1;COOL=1;EMA50=1;VWAP=1;BIAS=1,0.00,0.00,20520.66,20518.14,KZ=ASIA; KZR=Asia H @ 3654.49 540 bars ago (high taken); DAY 12AM-4PM IST session: stop x1.00 of usual; no partials; full size to TP5; SL steps BE->TP1->TP2->TP3
671,2025.09.11 05:25:27,2025.09.11 07:55:27,TP1_REACHED,XAUUSD,M5,143,SELL,FULLTGT,DAY,0,3643.14,3647.83,3647.83,4.69,1.00,4.69,3638.45,3633.76,3629.07,3624.37,3619.68,0.21,0.00,0.21,3638.45,1.00,1.00,0.00,3643.22,3643.56,3643.87,3643.39,3643.65,-0.133,2.34,30.05,36.65,36.65,-0.91,-0.25,-0.66,3643.55,3639.04,360,480,0.0,85.7,5,1,CROSS=EMA9<EMA21;TREND=1;STRUCT=1;VOL=1;COOL=1;EMA50=1;VWAP=1;BIAS=1,1.00,-0.16,20520.66,20619.36,full target: no partial booked
672,2025.09.11 06:09:26,2025.09.11 08:39:26,TP2_REACHED,XAUUSD,M5,143,SELL,FULLTGT,DAY,0,3643.14,3647.83,3647.83,4.69,1.00,4.69,3638.45,3633.76,3629.07,3624.37,3619.68,0.21,0.00,0.21,3633.76,2.00,2.00,0.00,3641.60,3642.64,3643.37,3641.82,3642.77,-0.328,2.22,47.25,36.10,36.10,-1.89,-1.58,-0.32,3642.44,3636.19,438,498,0.0,85.7,10,1,CROSS=EMA9<EMA21;TREND=1;STRUCT=1;VOL=1;COOL=1;EMA50=1;VWAP=1;BIAS=1,1.99,-0.16,20520.66,20718.69,full target: no partial booked
673,2025.09.11 08:32:20,2025.09.11 11:02:20,TP3_REACHED,XAUUSD,M5,143,SELL,FULLTGT,DAY,0,3643.14,3647.83,3647.83,4.69,1.00,4.69,3638.45,3633.76,3629.07,3624.37,3619.68,0.21,0.00,0.21,3629.07,3.00,3.00,0.00,3634.98,3638.01,3640.56,3635.14,3638.15,-1.804,1.41,23.37,42.74,42.74,-1.43,-1.55,0.12,3639.08,3631.19,426,343,28.6,57.1,11,1,CROSS=EMA9<EMA21;TREND=1;STRUCT=1;VOL=1;COOL=1;EMA50=1;VWAP=1;BIAS=1,2.99,-0.16,20520.66,20816.34,full target: no partial booked
674,2025.09.11 08:55:39,2025.09.11 11:25:39,TP4_REACHED,XAUUSD,M5,143,SELL,FULLTGT,DAY,0,3643.14,3647.83,3647.83,4.69,1.00,4.69,3638.45,3633.76,3629.07,3624.37,3619.68,0.21,0.00,0.21,3624.37,4.00,4.00,0.00,3633.96,3637.20,3640.02,3634.29,3637.42,-1.288,2.19,22.04,31.31,31.31,-1.58,-1.41,-0.17,3638.03,3625.92,858,456,0.0,85.7,10,1,CROSS=EMA9<EMA21;TREND=1;STRUCT=1;VOL=1;COOL=1;EMA50=1;VWAP=1;BIAS=1,4.00,-0.16,20520.66,20915.46,full target: no partial booked
675,2025.09.11 12:14:27,2025.09.11 14:44:27,TP5_EXIT,XAUUSD,M5,143,SELL,FULLTGT,DAY,0,3643.14,3647.83,3647.83,4.69,1.00,4.69,3638.45,3633.76,3629.07,3624.37,3619.68,0.21,0.21,0.00,3619.68,5.00,5.00,0.00,3629.68,3632.73,3636.51,3630.01,3632.96,-1.666,2.27,25.56,32.30,32.30,-1.47,-0.74,-0.72,3634.77,3621.59,519,478,0.0,100.0,11,1,CROSS=EMA9<EMA21;TREND=1;STRUCT=1;VOL=1;COOL=1;EMA50=1;VWAP=1;BIAS=1,4.99,-0.16,21012.58,21012.58,full target reached; closed in full
676,2025.09.11 12:14:27,2025.09.11 14:44:27,EXIT_TP,XAUUSD,M5,143,SELL,FULLTGT,DAY,0,3643.14,3647.83,3647.83,4.69,1.00,4.69,3638.45,3633.76,3629.07,3624.37,3619.68,0.21,0.21,0.00,3619.68,0.00,5.00,491.18,3629.68,3632.73,3636.51,3630.01,3632.96,-1.666,2.27,25.56,32.30,32.30,-1.47,-0.74,-0.72,3634.77,3621.59,519,478,0.0,100.0,11,1,CROSS=EMA9<EMA21;TREND=1;STRUCT=1;VOL=1;COOL=1;EMA50=1;VWAP=1;BIAS=1,4.99,-0.16,21012.58,21012.58,TP5 exit
677,2025.09.11 17:40:00,2025.09.11 20:10:00,SKIP,XAUUSD,M5,143,FLAT,NA,EVENING,0,0.00,0.00,0.00,0.00,1.00,0.00,0.00,0.00,0.00,0.00,0.00,0.00,0.00,0.00,0.00,0.00,0.00,0.00,3628.16,3628.15,3631.25,3628.05,3628.09,-0.656,4.73,18.00,51.53,51.53,2.03,1.79,0.23,3630.92,3630.94,962,1240,71.4,0.0,5,1,CROSS=EMA9<EMA21;TREND=1;STRUCT=1;VOL=1;COOL=1;EMA50=1;VWAP=1;BIAS=1,0.00,0.00,21012.58,21012.58,outside the killzone window
678,2025.09.11 17:45:00,2025.09.11 20:15:00,SKIP,XAUUSD,M5,143,FLAT,NA,EVENING,0,0.00,0.00,0.00,0.00,1.00,0.00,0.00,0.00,0.00,0.00,0.00,0.00,0.00,0.00,0.00,0.00,0.00,0.00,3628.12,3628.12,3631.21,3628.16,3628.15,-0.665,4.63,20.30,45.80,45.80,1.47,1.82,-0.35,3630.90,3627.00,977,1219,0.0,71.4,9,1,CROSS=EMA9<EMA21;TREND=1;STRUCT=1;VOL=1;COOL=1;EMA50=1;VWAP=1;BIAS=1,0.00,0.00,21012.58,21012.58,outside the killzone window
679,2025.09.11 17:50:00,2025.09.11 20:20:00,SKIP,XAUUSD,M5,143,FLAT,NA,EVENING,0,0.00,0.00,0.00,0.00,1.00,0.00,0.00,0.00,0.00,0.00,0.00,0.00,0.00,0.00,0.00,0.00,0.00,0.00,3628.18,3628.15,3631.19,3628.12,3628.12,-0.695,4.37,22.36,49.81,49.81,1.22,1.85,-0.62,3630.88,3629.63,1102,1212,14.3,57.1,5,1,CROSS=EMA9<EMA21;TREND=1;STRUCT=1;VOL=1;COOL=1;EMA50=1;VWAP=1;BIAS=1,0.00,0.00,21012.58,21012.58,outside the killzone window
680,2025.09.12 01:00:00,2025.09.12 03:30:00,DAY_SUMMARY,XAUUSD,M5,143,FLAT,NA,DAY,0,0.00,0.00,0.00,0.00,1.00,0.00,0.00,0.00,0.00,0.00,0.00,0.00,0.00,0.00,0.00,0.00,5.00,491.18,3634.58,3633.40,3633.15,3634.60,3633.38,0.223,1.10,27.65,44.83,44.83,-0.29,0.12,-0.41,3631.92,3633.96,145,282,28.6,57.1,9,1,CROSS=EMA9<EMA21;TREND=1;STRUCT=1;VOL=1;COOL=1;EMA50=1;VWAP=1;BIAS=1,0.00,0.00,21012.58,21012.58,2025.09.11 trades=1 W=1 L=0 gross_profit=491.18 gross_loss=0.00 net=491.18 PF=0.00
681,2025.09.12 15:40:00,2025.09.12 18:10:00,SKIP,XAUUSD,M5,143,FLAT,NA,EVENING,0,0.00,0.00,0.00,0.00,1.00,0.00,0.00,0.00,0.00,0.00,0.00,0.00,0.00,0.00,0.00,0.00,0.00,0.00,3646.83,3646.94,3644.70,3647.17,3647.11,0.894,2.50,38.85,23.06,23.06,-1.91,-0.76,-1.15,3646.42,3638.55,976,576,0.0,100.0,5,1,CROSS=EMA9<EMA21;TREND=1;STRUCT=1;VOL=1;COOL=1;EMA50=1;VWAP=1;BIAS=1,0.00,0.00,21012.58,21012.58,outside the killzone window
682,2025.09.12 16:35:00,2025.09.12 19:05:00,SKIP,XAUUSD,M5,143,FLAT,NA,EVENING,0,0.00,0.00,0.00,0.00,1.00,0.00,0.00,0.00,0.00,0.00,0.00,0.00,0.00,0.00,0.00,0.00,0.00,0.00,3646.96,3646.95,3644.93,3646.82,3646.88,0.621,3.26,38.73,62.80,62.80,0.73,-0.41,1.14,3646.41,3650.48,1045,807,100.0,0.0,8,1,CROSS=EMA9<EMA21;TREND=1;STRUCT=1;VOL=1;COOL=1;EMA50=1;VWAP=1;BIAS=1,0.00,0.00,21012.58,21012.58,outside the killzone window
683,2025.09.12 19:05:00,2025.09.12 21:35:00,SKIP,XAUUSD,M5,143,FLAT,NA,EVENING,0,0.00,0.00,0.00,0.00,1.00,0.00,0.00,0.00,0.00,0.00,0.00,0.00,0.00,0.00,0.00,0.00,0.00,0.00,3647.44,3647.47,3645.81,3647.57,3647.53,0.789,2.10,44.61,39.08,39.08,-1.10,-1.07,-0.03,3646.90,3644.21,512,665,0.0,85.7,5,1,CROSS=EMA9<EMA21;TREND=1;STRUCT=1;VOL=1;COOL=1;EMA50=1;VWAP=1;BIAS=1,0.00,0.00,21012.58,21012.58,outside the killzone window
684,2025.09.12 20:15:00,2025.09.12 22:45:00,SKIP,XAUUSD,M5,143,FLAT,NA,EVENING,0,0.00,0.00,0.00,0.00,1.00,0.00,0.00,0.00,0.00,0.00,0.00,0.00,0.00,0.00,0.00,0.00,0.00,0.00,3647.46,3647.43,3645.99,3647.35,3647.38,1.151,1.25,42.78,63.29,63.29,0.66,0.01,0.66,3646.90,3649.98,462,460,100.0,0.0,5,1,CROSS=EMA9<EMA21;TREND=1;STRUCT=1;VOL=1;COOL=1;EMA50=1;VWAP=1;BIAS=1,0.00,0.00,21012.58,21012.58,outside the killzone window
685,2025.09.12 22:45:00,2025.09.13 01:15:00,SKIP,XAUUSD,M5,143,FLAT,NA,DAY,0,0.00,0.00,0.00,0.00,1.00,0.00,0.00,0.00,0.00,0.00,0.00,0.00,0.00,0.00,0.00,0.00,0.00,0.00,3647.62,3647.63,3646.51,3647.69,3647.67,1.283,0.88,48.60,37.92,37.92,-0.67,-0.33,-0.34,3647.00,3645.85,422,334,14.3,85.7,5,1,CROSS=EMA9<EMA21;TREND=1;STRUCT=1;VOL=1;COOL=1;EMA50=1;VWAP=1;BIAS=1,0.00,0.00,21012.58,21012.58,outside the killzone window
686,2025.09.15 01:00:00,2025.09.15 03:30:00,WEEK_SUMMARY,XAUUSD,M5,143,FLAT,NA,DAY,0,0.00,0.00,0.00,0.00,1.00,0.00,0.00,0.00,0.00,0.00,0.00,0.00,0.00,0.00,0.00,0.00,5.00,491.18,3645.53,3646.45,3646.03,3645.65,3646.52,0.328,1.26,36.37,39.41,39.41,-1.27,-1.45,0.18,3646.88,3642.65,75,328,14.3,71.4,9,1,CROSS=EMA9<EMA21;TREND=1;STRUCT=1;VOL=1;COOL=1;EMA50=1;VWAP=1;BIAS=1,0.00,0.00,21012.58,21012.58,days=1 trades=1 W=1 L=0 gross_profit=491.18 gross_loss=0.00 net=491.18 PF=0.00 pips=2346.0
687,2025.09.15 07:25:00,2025.09.15 09:55:00,SKIP,XAUUSD,M5,143,FLAT,NA,DAY,0,0.00,0.00,0.00,0.00,1.00,0.00,0.00,0.00,0.00,0.00,0.00,0.00,0.00,0.00,0.00,0.00,0.00,0.00,3641.75,3641.74,3642.79,3641.61,3641.67,-0.711,1.47,32.59,58.21,58.21,1.77,1.93,-0.17,3638.62,3645.22,390,390,71.4,28.6,12,1,CROSS=EMA9<EMA21;TREND=1;STRUCT=1;VOL=1;COOL=1;EMA50=1;VWAP=1;BIAS=1,0.00,0.00,21012.58,21012.58,outside the killzone window
688,2025.09.15 10:05:00,2025.09.15 12:35:00,SKIP,XAUUSD,M5,143,FLAT,NA,DAY,0,0.00,0.00,0.00,0.00,1.00,0.00,0.00,0.00,0.00,0.00,0.00,0.00,0.00,0.00,0.00,0.00,0.00,0.00,3642.01,3642.11,3642.77,3642.27,3642.24,-0.314,2.10,45.28,24.99,24.99,-1.73,-0.84,-0.89,3639.60,3635.68,737,466,0.0,100.0,10,1,CROSS=EMA9<EMA21;TREND=1;STRUCT=1;VOL=1;COOL=1;EMA50=1;VWAP=1;BIAS=1,0.00,0.00,21012.58,21012.58,outside the killzone window
689,2025.09.15 12:15:00,2025.09.15 14:45:00,SKIP,XAUUSD,M5,143,FLAT,NA,DAY,0,0.00,0.00,0.00,0.00,1.00,0.00,0.00,0.00,0.00,0.00,0.00,0.00,0.00,0.00,0.00,0.00,0.00,0.00,3641.92,3641.89,3642.45,3641.81,3641.83,-0.303,1.88,17.48,59.49,59.49,0.88,0.54,0.33,3639.92,3644.68,343,496,71.4,0.0,5,1,CROSS=EMA9<EMA21;TREND=1;STRUCT=1;VOL=1;COOL=1;EMA50=1;VWAP=1;BIAS=1,0.00,0.00,21012.58,21012.58,outside the killzone window
690,2025.09.15 12:30:00,2025.09.15 15:00:00,SKIP,XAUUSD,M5,143,FLAT,NA,DAY,0,0.00,0.00,0.00,0.00,1.00,0.00,0.00,0.00,0.00,0.00,0.00,0.00,0.00,0.00,0.00,0.00,0.00,0.00,3641.84,3641.85,3642.42,3641.90,3641.88,-0.310,1.84,20.02,44.25,44.25,0.30,0.59,-0.29,3639.96,3640.41,561,477,14.3,71.4,9,1,CROSS=EMA9<EMA21;TREND=1;STRUCT=1;VOL=1;COOL=1;EMA50=1;VWAP=1;BIAS=1,0.00,0.00,21012.58,21012.58,outside the killzone window
691,2025.09.15 13:30:00,2025.09.15 16:00:00,SKIP,XAUUSD,M5,143,FLAT,NA,EVENING,0,0.00,0.00,0.00,0.00,1.00,0.00,0.00,0.00,0.00,0.00,0.00,0.00,0.00,0.00,0.00,0.00,0.00,0.00,3641.92,3641.85,3642.34,3641.76,3641.76,-0.215,2.30,35.03,63.14,63.14,0.88,-0.06,0.94,3640.10,3645.97,489,519,85.7,0.0,5,1,CROSS=EMA9<EMA21;TREND=1;STRUCT=1;VOL=1;COOL=1;EMA50=1;VWAP=1;BIAS=1,0.00,0.00,21012.58,21012.58,outside the killzone window
692,2025.09.16 18:40:00,2025.09.16 21:10:00,SKIP,XAUUSD,M5,143,FLAT,NA,EVENING,0,0.00,0.00,0.00,0.00,1.00,0.00,0.00,0.00,0.00,0.00,0.00,0.00,0.00,0.00,0.00,0.00,0.00,0.00,3690.38,3690.49,3686.40,3690.73,3690.67,0.995,4.12,31.29,39.17,39.17,-3.24,-2.37,-0.87,3688.25,3681.93,925,1157,0.0,85.7,5,1,CROSS=EMA9<EMA21;TREND=1;STRUCT=1;VOL=1;COOL=1;EMA50=1;VWAP=1;BIAS=1,0.00,0.00,21012.58,21012.58,outside the killzone window
693,2025.09.16 23:20:00,2025.09.17 01:50:00,SKIP,XAUUSD,M5,143,FLAT,NA,DAY,0,0.00,0.00,0.00,0.00,1.00,0.00,0.00,0.00,0.00,0.00,0.00,0.00,0.00,0.00,0.00,0.00,0.00,0.00,3689.62,3689.58,3687.48,3689.48,3689.51,1.899,1.10,25.39,66.06,66.06,0.82,0.43,0.40,3688.24,3692.99,224,361,85.7,0.0,5,1,CROSS=EMA9<EMA21;TREND=1;STRUCT=1;VOL=1;COOL=1;EMA50=1;VWAP=1;BIAS=1,0.00,0.00,21012.58,21012.58,outside the killzone window
694,2025.09.17 04:45:00,2025.09.17 07:15:00,SKIP,XAUUSD,M5,143,FLAT,NA,DAY,0,0.00,0.00,0.00,0.00,1.00,0.00,0.00,0.00,0.00,0.00,0.00,0.00,0.00,0.00,0.00,0.00,0.00,0.00,3690.56,3690.73,3689.18,3691.09,3690.99,0.612,2.53,68.42,12.32,12.32,-2.97,-1.20,-1.77,3689.67,3677.72,1086,526,0.0,100.0,11,1,CROSS=EMA9<EMA21;TREND=1;STRUCT=1;VOL=1;COOL=1;EMA50=1;VWAP=1;BIAS=1,0.00,0.00,21012.58,21012.58,already positioned that way
695,2025.09.17 17:10:00,2025.09.17 19:40:00,SKIP,XAUUSD,M5,143,FLAT,NA,EVENING,0,0.00,0.00,0.00,0.00,1.00,0.00,0.00,0.00,0.00,0.00,0.00,0.00,0.00,0.00,0.00,0.00,0.00,0.00,3673.46,3673.36,3676.47,3673.15,3673.20,-0.939,3.31,23.42,65.14,65.14,2.53,2.65,-0.11,3675.56,3681.10,1039,941,71.4,14.3,2,1,CROSS=EMA9<EMA21;TREND=1;STRUCT=1;VOL=1;COOL=1;EMA50=1;VWAP=1;BIAS=1,0.00,0.00,21012.58,21012.58,outside the killzone window
696,2025.09.17 22:05:00,2025.09.18 00:35:00,SKIP,XAUUSD,M5,143,FLAT,NA,DAY,0,0.00,0.00,0.00,0.00,1.00,0.00,0.00,0.00,0.00,0.00,0.00,0.00,0.00,0.00,0.00,0.00,0.00,0.00,3678.19,3678.45,3678.75,3679.04,3678.88,-0.022,13.84,40.74,34.81,34.81,-8.17,-3.39,-4.78,3676.88,3657.53,1811,1412,14.3,85.7,5,1,CROSS=EMA9<EMA21;TREND=1;STRUCT=1;VOL=1;COOL=1;EMA50=1;VWAP=1;BIAS=1,0.00,0.00,21012.58,21012.58,outside the killzone window
697,2025.09.18 12:35:00,2025.09.18 15:05:00,SKIP,XAUUSD,M5,143,FLAT,NA,DAY,0,0.00,0.00,0.00,0.00,1.00,0.00,0.00,0.00,0.00,0.00,0.00,0.00,0.00,0.00,0.00,0.00,0.00,0.00,3657.83,3657.66,3661.53,3657.28,3657.39,-1.512,2.56,65.81,79.41,79.41,5.12,4.46,0.67,3656.26,3671.12,737,670,85.7,14.3,9,1,CROSS=EMA9<EMA21;TREND=1;STRUCT=1;VOL=1;COOL=1;EMA50=1;VWAP=1;BIAS=1,0.00,0.00,21012.58,21012.58,outside the killzone window
698,2025.09.18 16:45:00,2025.09.18 19:15:00,SKIP,XAUUSD,M5,143,FLAT,NA,EVENING,0,0.00,0.00,0.00,0.00,1.00,0.00,0.00,0.00,0.00,0.00,0.00,0.00,0.00,0.00,0.00,0.00,0.00,0.00,3661.37,3661.46,3662.69,3662.65,3662.10,-0.234,5.27,46.71,12.21,12.21,-6.60,-2.79,-3.81,3658.32,3629.87,1517,954,0.0,100.0,8,1,CROSS=EMA9<EMA21;TREND=1;STRUCT=1;VOL=1;COOL=1;EMA50=1;VWAP=1;BIAS=1,0.00,0.00,21012.58,21012.58,outside the killzone window
699,2025.09.19 06:25:00,2025.09.19 08:55:00,ENTRY,XAUUSD,M5,145,BUY,FULLTGT,DAY,0,3652.99,3647.85,3647.85,5.14,1.00,5.14,3658.13,3663.28,3668.42,3673.56,3678.70,0.20,0.20,0.20,3652.99,0.00,0.00,0.00,3644.63,3644.50,3647.44,3644.29,3644.33,-1.146,2.57,26.95,71.62,71.62,1.71,1.17,0.54,3643.66,3652.87,715,664,100.0,0.0,12,1,CROSS=EMA9>EMA21;TREND=1;STRUCT=1;VOL=1;COOL=1;EMA50=1;VWAP=1;BIAS=1,0.00,0.00,21011.88,21009.48,KZ=ASIA; KZR=Asia H @ 3695.32 400 bars ago (high taken); DAY 12AM-4PM IST session: stop x1.00 of usual; no partials; full size to TP5; SL steps BE->TP1->TP2->TP3
700,2025.09.19 07:06:26,2025.09.19 09:36:26,TP1_REACHED,XAUUSD,M5,145,BUY,FULLTGT,DAY,0,3652.99,3647.85,3647.85,5.14,1.00,5.14,3658.13,3663.28,3668.42,3673.56,3678.70,0.20,0.00,0.20,3658.13,1.00,1.00,0.00,3647.35,3645.98,3647.99,3646.99,3645.78,-0.833,2.41,46.77,72.20,72.20,2.87,2.55,0.31,3645.17,3656.15,547,590,85.7,0.0,5,1,CROSS=EMA9>EMA21;TREND=1;STRUCT=1;VOL=1;COOL=1;EMA50=1;VWAP=1;BIAS=1,1.00,-0.26,21011.88,21115.28,full target: no partial booked
701,2025.09.19 09:20:40,2025.09.19 11:50:40,EXIT_SL,XAUUSD,M5,145,BUY,FULLTGT,DAY,0,3652.99,3647.85,3647.85,5.14,1.00,5.14,3658.13,3663.28,3668.42,3673.56,3678.70,0.20,0.20,0.00,3647.83,0.00,-1.00,-104.60,3652.98,3650.30,3650.01,3653.16,3650.33,0.106,2.69,44.72,32.64,32.64,-1.03,0.10,-1.14,3648.51,3648.74,652,533,28.6,71.4,7,1,CROSS=EMA9>EMA21;TREND=1;STRUCT=1;VOL=1;COOL=1;EMA50=1;VWAP=1;BIAS=1,1.60,-1.00,20907.98,20907.98,stopped at the initial SL (x1.00 of usual)
702,2025.09.19 15:45:00,2025.09.19 18:15:00,SKIP,XAUUSD,M5,145,FLAT,NA,EVENING,0,0.00,0.00,0.00,0.00,1.00,0.00,0.00,0.00,0.00,0.00,0.00,0.00,0.00,0.00,0.00,0.00,0.00,0.00,3652.19,3652.26,3651.60,3652.38,3652.35,0.248,2.65,39.13,37.53,37.53,-1.73,-1.81,0.08,3650.13,3647.37,680,620,14.3,85.7,5,1,CROSS=EMA9>EMA21;TREND=1;STRUCT=1;VOL=1;COOL=1;EMA50=1;VWAP=1;BIAS=1,0.00,0.00,20907.98,20907.98,outside the killzone window
703,2025.09.19 16:45:00,2025.09.19 19:15:00,SKIP,XAUUSD,M5,145,FLAT,NA,EVENING,0,0.00,0.00,0.00,0.00,1.00,0.00,0.00,0.00,0.00,0.00,0.00,0.00,0.00,0.00,0.00,0.00,0.00,0.00,3652.34,3652.28,3651.67,3652.16,3652.19,0.179,3.38,31.70,63.54,63.54,1.16,-0.19,1.35,3650.33,3656.80,1013,786,100.0,0.0,5,1,CROSS=EMA9>EMA21;TREND=1;STRUCT=1;VOL=1;COOL=1;EMA50=1;VWAP=1;BIAS=1,0.00,0.00,20907.98,20907.98,outside the killzone window
704,2025.09.22 01:00:00,2025.09.22 03:30:00,DAY_SUMMARY,XAUUSD,M5,145,FLAT,NA,DAY,0,0.00,0.00,0.00,0.00,1.00,0.00,0.00,0.00,0.00,0.00,0.00,0.00,0.00,0.00,0.00,0.00,-1.00,-104.60,3679.75,3673.53,3666.02,3679.53,3673.29,6.093,1.23,24.28,65.60,65.60,1.21,1.17,0.04,3658.05,3685.12,143,344,71.4,0.0,8,1,CROSS=EMA9>EMA21;TREND=1;STRUCT=1;VOL=1;COOL=1;EMA50=1;VWAP=1;BIAS=1,0.00,0.00,20907.98,20907.98,2025.09.19 trades=1 W=0 L=1 gross_profit=0.00 gross_loss=104.60 net=-104.60 PF=0.00
705,2025.09.22 01:00:00,2025.09.22 03:30:00,WEEK_SUMMARY,XAUUSD,M5,145,FLAT,NA,DAY,0,0.00,0.00,0.00,0.00,1.00,0.00,0.00,0.00,0.00,0.00,0.00,0.00,0.00,0.00,0.00,0.00,-1.00,-104.60,3679.75,3673.53,3666.02,3679.53,3673.29,6.093,1.23,24.28,65.60,65.60,1.21,1.17,0.04,3658.05,3685.12,143,344,71.4,0.0,8,1,CROSS=EMA9>EMA21;TREND=1;STRUCT=1;VOL=1;COOL=1;EMA50=1;VWAP=1;BIAS=1,0.00,0.00,20907.98,20907.98,days=1 trades=1 W=0 L=1 gross_profit=0.00 gross_loss=104.60 net=-104.60 PF=0.00 pips=-516.0
706,2025.09.23 22:20:00,2025.09.24 00:50:00,SKIP,XAUUSD,M5,145,FLAT,NA,DAY,0,0.00,0.00,0.00,0.00,1.00,0.00,0.00,0.00,0.00,0.00,0.00,0.00,0.00,0.00,0.00,0.00,0.00,0.00,3774.43,3774.78,3768.45,3775.29,3775.22,1.345,4.70,33.94,26.18,26.18,-5.60,-2.28,-3.32,3767.26,3753.14,1224,866,0.0,100.0,5,1,CROSS=EMA9>EMA21;TREND=1;STRUCT=1;VOL=1;COOL=1;EMA50=1;VWAP=1;BIAS=1,0.00,0.00,20907.98,20907.98,outside the killzone window
707,2025.09.24 08:35:00,2025.09.24 11:05:00,SKIP,XAUUSD,M5,145,FLAT,NA,DAY,0,0.00,0.00,0.00,0.00,1.00,0.00,0.00,0.00,0.00,0.00,0.00,0.00,0.00,0.00,0.00,0.00,0.00,0.00,3765.01,3764.87,3764.98,3764.67,3764.70,-0.069,1.65,68.60,75.17,75.17,2.79,2.42,0.37,3761.80,3773.29,586,397,100.0,0.0,10,1,CROSS=EMA9>EMA21;TREND=1;STRUCT=1;VOL=1;COOL=1;EMA50=1;VWAP=1;BIAS=1,0.00,0.00,20907.98,20907.98,outside the killzone window
708,2025.09.24 13:45:00,2025.09.24 16:15:00,SKIP,XAUUSD,M5,145,FLAT,NA,EVENING,0,0.00,0.00,0.00,0.00,1.00,0.00,0.00,0.00,0.00,0.00,0.00,0.00,0.00,0.00,0.00,0.00,0.00,0.00,3768.51,3768.59,3767.65,3768.75,3768.70,0.388,2.41,57.06,34.27,34.27,-2.04,-1.89,-0.15,3766.16,3762.77,412,496,0.0,85.7,8,1,CROSS=EMA9>EMA21;TREND=1;STRUCT=1;VOL=1;COOL=1;EMA50=1;VWAP=1;BIAS=1,0.00,0.00,20907.98,20907.98,outside the killzone window
709,2025.09.25 04:30:00,2025.09.25 07:00:00,SKIP,XAUUSD,M5,145,FLAT,NA,DAY,0,0.00,0.00,0.00,0.00,1.00,0.00,0.00,0.00,0.00,0.00,0.00,0.00,0.00,0.00,0.00,0.00,0.00,0.00,3742.69,3742.67,3747.64,3742.62,3742.64,-1.719,2.89,24.42,49.00,49.00,0.65,1.66,-1.01,3744.93,3744.30,692,607,14.3,71.4,5,1,CROSS=EMA9>EMA21;TREND=1;STRUCT=1;VOL=1;COOL=1;EMA50=1;VWAP=1;BIAS=1,0.00,0.00,20907.98,20907.98,already positioned that way
710,2025.09.25 04:40:00,2025.09.25 07:10:00,ENTRY,XAUUSD,M5,147,SELL,FULLTGT,DAY,0,3740.84,3747.13,3747.13,6.29,1.00,6.29,3734.55,3728.26,3721.97,3715.68,3709.39,0.16,0.16,0.16,3740.84,0.00,0.00,0.00,3742.63,3742.65,3747.53,3742.70,3742.68,-1.552,3.15,25.68,41.94,41.94,0.04,1.13,-1.09,3744.72,3740.84,691,630,0.0,100.0,12,1,CROSS=EMA9<EMA21;TREND=1;STRUCT=1;VOL=1;COOL=1;EMA50=1;VWAP=1;BIAS=1,0.00,0.00,20907.42,20905.50,KZ=ASIA; KZR=Asia H @ 3771.84 243 bars ago (high taken); DAY 12AM-4PM IST session: stop x1.00 of usual; no partials; full size to TP5; SL steps BE->TP1->TP2->TP3
711,2025.09.25 04:55:23,2025.09.25 07:25:23,TP1_REACHED,XAUUSD,M5,147,SELL,FULLTGT,DAY,0,3740.84,3747.13,3747.13,6.29,1.00,6.29,3734.55,3728.26,3721.97,3715.68,3709.39,0.16,0.00,0.16,3734.55,1.00,1.00,0.00,3742.13,3742.39,3747.25,3742.38,3742.52,-1.401,3.47,32.22,35.85,35.85,-1.18,0.17,-1.35,3744.05,3736.06,904,645,0.0,100.0,12,1,CROSS=EMA9<EMA21;TREND=1;STRUCT=1;VOL=1;COOL=1;EMA50=1;VWAP=1;BIAS=1,1.00,-0.09,20907.42,21008.38,full target: no partial booked
712,2025.09.25 09:13:14,2025.09.25 11:43:14,EXIT_SL,XAUUSD,M5,147,SELL,FULLTGT,DAY,0,3740.84,3747.13,3747.13,6.29,1.00,6.29,3734.55,3728.26,3721.97,3715.68,3709.39,0.16,0.16,0.00,3747.13,0.00,-1.00,-101.76,3737.73,3738.84,3743.05,3737.58,3738.79,-1.709,2.46,22.35,61.93,61.93,0.70,0.19,0.51,3740.06,3741.41,555,446,71.4,14.3,10,1,CROSS=EMA9<EMA21;TREND=1;STRUCT=1;VOL=1;COOL=1;EMA50=1;VWAP=1;BIAS=1,1.78,-1.00,20806.22,20806.22,stopped at the initial SL (x1.00 of usual)
713,2025.09.25 10:05:00,2025.09.25 12:35:00,SKIP,XAUUSD,M5,147,FLAT,NA,DAY,0,0.00,0.00,0.00,0.00,1.00,0.00,0.00,0.00,0.00,0.00,0.00,0.00,0.00,0.00,0.00,0.00,0.00,0.00,3739.82,3739.80,3743.12,3739.70,3739.74,-1.221,2.72,25.20,55.64,55.64,1.30,1.86,-0.56,3740.54,3742.72,594,576,85.7,14.3,11,1,CROSS=EMA9<EMA21;TREND=1;STRUCT=1;VOL=1;COOL=1;EMA50=1;VWAP=1;BIAS=1,0.00,0.00,20806.22,20806.22,outside the killzone window
714,2025.09.25 16:30:00,2025.09.25 19:00:00,SKIP,XAUUSD,M5,147,FLAT,NA,EVENING,0,0.00,0.00,0.00,0.00,1.00,0.00,0.00,0.00,0.00,0.00,0.00,0.00,0.00,0.00,0.00,0.00,0.00,0.00,3747.44,3747.54,3747.08,3747.66,3747.65,0.074,6.27,21.33,45.25,45.25,-3.21,-3.74,0.53,3745.29,3742.18,1086,1093,14.3,57.1,8,1,CROSS=EMA9<EMA21;TREND=1;STRUCT=1;VOL=1;COOL=1;EMA50=1;VWAP=1;BIAS=1,0.00,0.00,20806.22,20806.22,outside the killzone window
715,2025.09.25 21:50:00,2025.09.26 00:20:00,SKIP,XAUUSD,M5,147,FLAT,NA,DAY,0,0.00,0.00,0.00,0.00,1.00,0.00,0.00,0.00,0.00,0.00,0.00,0.00,0.00,0.00,0.00,0.00,0.00,0.00,3741.15,3741.05,3742.54,3740.59,3740.77,-0.464,3.20,39.95,75.23,75.23,4.41,2.57,1.84,3741.93,3754.84,907,774,85.7,14.3,5,1,CROSS=EMA9<EMA21;TREND=1;STRUCT=1;VOL=1;COOL=1;EMA50=1;VWAP=1;BIAS=1,0.00,0.00,20806.22,20806.22,outside the killzone window
716,2025.09.26 01:00:00,2025.09.26 03:30:00,DAY_SUMMARY,XAUUSD,M5,147,FLAT,NA,DAY,0,0.00,0.00,0.00,0.00,1.00,0.00,0.00,0.00,0.00,0.00,0.00,0.00,0.00,0.00,0.00,0.00,-1.00,-101.76,3747.12,3744.91,3744.40,3747.04,3744.83,0.285,1.78,26.66,49.71,49.71,0.71,0.72,-0.01,3742.60,3749.10,295,440,42.9,42.9,8,1,CROSS=EMA9<EMA21;TREND=1;STRUCT=1;VOL=1;COOL=1;EMA50=1;VWAP=1;BIAS=1,0.00,0.00,20806.22,20806.22,2025.09.25 trades=1 W=0 L=1 gross_profit=0.00 gross_loss=101.76 net=-101.76 PF=0.00
717,2025.09.26 04:55:00,2025.09.26 07:25:00,SKIP,XAUUSD,M5,147,FLAT,NA,DAY,0,0.00,0.00,0.00,0.00,1.00,0.00,0.00,0.00,0.00,0.00,0.00,0.00,0.00,0.00,0.00,0.00,0.00,0.00,3744.81,3744.86,3744.65,3745.00,3744.95,0.065,3.24,17.16,40.36,40.36,-1.32,-0.75,-0.57,3744.63,3740.02,691,678,0.0,85.7,5,1,CROSS=EMA9<EMA21;TREND=1;STRUCT=1;VOL=1;COOL=1;EMA50=1;VWAP=1;BIAS=1,0.00,0.00,20806.22,20806.22,already positioned that way
718,2025.09.26 08:00:00,2025.09.26 10:30:00,SKIP,XAUUSD,M5,147,FLAT,NA,DAY,0,0.00,0.00,0.00,0.00,1.00,0.00,0.00,0.00,0.00,0.00,0.00,0.00,0.00,0.00,0.00,0.00,0.00,0.00,3743.99,3743.96,3744.08,3743.84,3743.88,-0.087,1.44,41.54,63.55,63.55,1.39,1.37,0.02,3743.37,3747.72,294,359,85.7,0.0,5,1,CROSS=EMA9<EMA21;TREND=1;STRUCT=1;VOL=1;COOL=1;EMA50=1;VWAP=1;BIAS=1,0.00,0.00,20806.22,20806.22,outside the killzone window
719,2025.09.29 01:00:00,2025.09.29 03:30:00,WEEK_SUMMARY,XAUUSD,M5,147,FLAT,NA,DAY,0,0.00,0.00,0.00,0.00,1.00,0.00,0.00,0.00,0.00,0.00,0.00,0.00,0.00,0.00,0.00,0.00,-1.00,-101.76,3770.52,3769.03,3763.14,3770.93,3769.20,2.360,2.50,42.24,26.16,26.16,-3.46,-3.05,-0.41,3758.02,3760.58,127,483,28.6,57.1,8,1,CROSS=EMA9<EMA21;TREND=1;STRUCT=1;VOL=1;COOL=1;EMA50=1;VWAP=1;BIAS=1,0.00,0.00,20806.22,20806.22,days=1 trades=1 W=0 L=1 gross_profit=0.00 gross_loss=101.76 net=-101.76 PF=0.00 pips=-629.0
720,2025.09.30 11:40:00,2025.09.30 14:10:00,SKIP,XAUUSD,M5,147,FLAT,NA,DAY,0,0.00,0.00,0.00,0.00,1.00,0.00,0.00,0.00,0.00,0.00,0.00,0.00,0.00,0.00,0.00,0.00,0.00,0.00,3849.14,3849.34,3841.34,3850.83,3850.18,1.152,6.95,61.54,10.79,10.79,-11.02,-7.28,-3.74,3849.58,3807.75,1339,1064,0.0,100.0,10,1,CROSS=EMA9<EMA21;TREND=1;STRUCT=1;VOL=1;COOL=1;EMA50=1;VWAP=1;BIAS=1,0.00,0.00,20806.22,20806.22,outside the killzone window
721,2025.09.30 17:55:00,2025.09.30 20:25:00,SKIP,XAUUSD,M5,147,FLAT,NA,EVENING,0,0.00,0.00,0.00,0.00,1.00,0.00,0.00,0.00,0.00,0.00,0.00,0.00,0.00,0.00,0.00,0.00,0.00,0.00,3828.15,3828.07,3829.74,3827.07,3827.54,-0.258,6.48,49.02,72.89,72.89,9.12,7.95,1.16,3835.60,3854.54,1060,1153,85.7,0.0,7,1,CROSS=EMA9<EMA21;TREND=1;STRUCT=1;VOL=1;COOL=1;EMA50=1;VWAP=1;BIAS=1,0.00,0.00,20806.22,20806.22,outside the killzone window
722,2025.10.01 01:00:00,2025.10.01 03:30:00,MONTH_SUMMARY,XAUUSD,M5,147,FLAT,NA,DAY,0,0.00,0.00,0.00,0.00,1.00,0.00,0.00,0.00,0.00,0.00,0.00,0.00,0.00,0.00,0.00,0.00,1.99,183.38,3850.36,3844.57,3839.42,3850.03,3844.29,1.757,2.93,52.53,61.79,61.79,2.43,2.31,0.13,3838.00,3858.28,274,519,85.7,0.0,8,1,CROSS=EMA9<EMA21;TREND=1;STRUCT=1;VOL=1;COOL=1;EMA50=1;VWAP=1;BIAS=1,0.00,0.00,20806.22,20806.22,days=4 trades=4 W=1 L=3 gross_profit=491.18 gross_loss=307.80 net=183.38 PF=1.60 pips=725.0
723,2025.10.01 18:05:00,2025.10.01 20:35:00,SKIP,XAUUSD,M5,147,FLAT,NA,EVENING,0,0.00,0.00,0.00,0.00,1.00,0.00,0.00,0.00,0.00,0.00,0.00,0.00,0.00,0.00,0.00,0.00,0.00,0.00,3875.37,3875.42,3869.92,3875.51,3875.49,0.996,5.53,21.53,47.86,47.86,-0.81,-0.89,0.08,3872.44,3872.10,1401,1240,14.3,71.4,7,1,CROSS=EMA9<EMA21;TREND=1;STRUCT=1;VOL=1;COOL=1;EMA50=1;VWAP=1;BIAS=1,0.00,0.00,20806.22,20806.22,outside the killzone window
724,2025.10.02 07:30:00,2025.10.02 10:00:00,SKIP,XAUUSD,M5,147,FLAT,NA,DAY,0,0.00,0.00,0.00,0.00,1.00,0.00,0.00,0.00,0.00,0.00,0.00,0.00,0.00,0.00,0.00,0.00,0.00,0.00,3864.91,3864.89,3865.52,3864.86,3864.86,-0.389,1.64,21.13,51.82,51.82,0.33,0.51,-0.18,3862.73,3866.09,227,324,57.1,14.3,5,1,CROSS=EMA9<EMA21;TREND=1;STRUCT=1;VOL=1;COOL=1;EMA50=1;VWAP=1;BIAS=1,0.00,0.00,20806.22,20806.22,outside the killzone window
725,2025.10.02 07:50:00,2025.10.02 10:20:00,SKIP,XAUUSD,M5,147,FLAT,NA,DAY,0,0.00,0.00,0.00,0.00,1.00,0.00,0.00,0.00,0.00,0.00,0.00,0.00,0.00,0.00,0.00,0.00,0.00,0.00,3864.82,3864.84,3865.48,3864.90,3864.88,-0.396,1.60,22.74,41.06,41.06,-0.16,0.26,-0.42,3862.79,3863.05,333,307,14.3,71.4,5,1,CROSS=EMA9<EMA21;TREND=1;STRUCT=1;VOL=1;COOL=1;EMA50=1;VWAP=1;BIAS=1,0.00,0.00,20806.22,20806.22,outside the killzone window
726,2025.10.02 08:10:00,2025.10.02 10:40:00,SKIP,XAUUSD,M5,147,FLAT,NA,DAY,0,0.00,0.00,0.00,0.00,1.00,0.00,0.00,0.00,0.00,0.00,0.00,0.00,0.00,0.00,0.00,0.00,0.00,0.00,3864.94,3864.90,3865.48,3864.80,3864.83,-0.327,1.77,24.24,60.47,60.47,0.10,-0.03,0.12,3862.91,3868.33,481,309,85.7,0.0,12,1,CROSS=EMA9<EMA21;TREND=1;STRUCT=1;VOL=1;COOL=1;EMA50=1;VWAP=1;BIAS=1,0.00,0.00,20806.22,20806.22,outside the killzone window
727,2025.10.02 17:50:00,2025.10.02 20:20:00,SKIP,XAUUSD,M5,147,FLAT,NA,EVENING,0,0.00,0.00,0.00,0.00,1.00,0.00,0.00,0.00,0.00,0.00,0.00,0.00,0.00,0.00,0.00,0.00,0.00,0.00,3874.19,3874.92,3872.69,3876.00,3875.83,0.296,7.50,60.44,9.65,9.65,-11.17,-5.71,-5.46,3871.16,3829.92,1528,1262,0.0,100.0,10,1,CROSS=EMA9<EMA21;TREND=1;STRUCT=1;VOL=1;COOL=1;EMA50=1;VWAP=1;BIAS=1,0.00,0.00,20806.22,20806.22,outside the killzone window
728,2025.10.03 02:55:00,2025.10.03 05:25:00,ENTRY,XAUUSD,M5,149,BUY,FULLTGT,DAY,0,3862.38,3859.62,3859.62,2.76,1.00,2.76,3865.14,3867.91,3870.67,3873.44,3876.20,0.37,0.37,0.37,3862.38,0.00,0.00,0.00,3856.22,3856.20,3859.26,3855.97,3856.08,-2.214,1.38,53.61,71.71,71.71,1.79,1.20,0.59,3858.11,3862.33,412,271,85.7,14.3,5,1,CROSS=EMA9>EMA21;TREND=1;STRUCT=1;VOL=1;COOL=1;EMA50=1;VWAP=1;BIAS=1,0.00,0.00,20804.92,20803.07,KZ=ASIA; KZR=Asia H @ 3875.30 480 bars ago (high taken); DAY 12AM-4PM IST session: stop x1.00 of usual; no partials; full size to TP5; SL steps BE->TP1->TP2->TP3
729,2025.10.03 03:05:31,2025.10.03 05:35:31,EXIT_SL,XAUUSD,M5,149,BUY,FULLTGT,DAY,0,3862.38,3859.62,3859.62,2.76,1.00,2.76,3865.14,3867.91,3870.67,3873.44,3876.20,0.37,0.37,0.00,3859.60,0.00,-1.01,-105.46,3856.61,3856.40,3859.30,3856.46,3856.33,-2.106,1.38,50.77,58.38,58.38,1.71,1.40,0.31,3858.46,3860.23,460,280,85.7,14.3,5,1,CROSS=EMA9>EMA21;TREND=1;STRUCT=1;VOL=1;COOL=1;EMA50=1;VWAP=1;BIAS=1,0.10,-0.98,20700.76,20700.76,stopped at the initial SL (x1.00 of usual)
730,2025.10.03 04:40:00,2025.10.03 07:10:00,ENTRY,XAUUSD,M5,151,SELL,FULLTGT,DAY,0,3854.16,3860.84,3860.84,6.68,1.00,6.68,3847.48,3840.79,3834.11,3827.43,3820.75,0.15,0.15,0.15,3854.16,0.00,0.00,0.00,3856.48,3856.49,3858.87,3856.58,3856.53,-0.714,3.34,34.25,43.83,43.83,-1.54,-0.60,-0.94,3857.27,3854.16,737,554,14.3,85.7,12,1,CROSS=EMA9<EMA21;TREND=1;STRUCT=1;VOL=1;COOL=1;EMA50=1;VWAP=1;BIAS=1,0.00,0.00,20700.23,20698.43,KZ=ASIA; KZR=Asia H @ 3875.30 501 bars ago (high taken); DAY 12AM-4PM IST session: stop x1.00 of usual; no partials; full size to TP5; SL steps BE->TP1->TP2->TP3
731,2025.10.03 04:50:00,2025.10.03 07:20:00,SKIP,XAUUSD,M5,151,SELL,FULLTGT,DAY,0,3854.16,3860.84,3860.84,6.68,1.00,6.68,3847.48,3840.79,3834.11,3827.43,3820.75,0.15,0.00,0.00,0.00,0.00,0.00,0.00,3856.56,3856.52,3858.84,3856.47,3856.48,-0.660,3.52,28.15,55.10,55.10,-0.94,-0.86,-0.08,3857.20,3858.76,753,577,85.7,14.3,5,1,CROSS=EMA9>EMA21;TREND=1;STRUCT=1;VOL=1;COOL=0;EMA50=1;VWAP=1;BIAS=1,0.09,-0.70,20700.23,20630.48,quality filter
732,2025.10.03 05:35:00,2025.10.03 08:05:00,SKIP,XAUUSD,M5,151,SELL,FULLTGT,DAY,0,3854.16,3860.84,3860.84,6.68,1.00,6.68,3847.48,3840.79,3834.11,3827.43,3820.75,0.15,0.00,0.00,0.00,0.00,0.00,0.00,3856.52,3856.52,3858.65,3856.69,3856.61,-0.722,2.95,28.70,38.77,38.77,-0.67,-0.32,-0.35,3857.15,3852.33,534,597,0.0,85.7,5,1,CROSS=EMA9<EMA21;TREND=1;STRUCT=1;VOL=1;COOL=1;EMA50=1;VWAP=1;BIAS=1,0.30,-0.87,20700.23,20726.93,already positioned that way
733,2025.10.03 06:11:28,2025.10.03 08:41:28,TP1_REACHED,XAUUSD,M5,151,SELL,FULLTGT,DAY,0,3854.16,3860.84,3860.84,6.68,1.00,6.68,3847.48,3840.79,3834.11,3827.43,3820.75,0.15,0.00,0.15,3847.48,1.00,1.00,0.00,3854.94,3855.68,3858.07,3855.13,3855.79,-0.908,2.63,48.13,40.51,40.51,-1.94,-1.40,-0.54,3856.24,3850.41,412,545,0.0,85.7,5,1,CROSS=EMA9<EMA21;TREND=1;STRUCT=1;VOL=1;COOL=1;EMA50=1;VWAP=1;BIAS=1,1.00,-0.87,20700.23,20801.63,full target: no partial booked
734,2025.10.03 06:21:38,2025.10.03 08:51:38,TP2_REACHED,XAUUSD,M5,151,SELL,FULLTGT,DAY,0,3854.16,3860.84,3860.84,6.68,1.00,6.68,3847.48,3840.79,3834.11,3827.43,3820.75,0.15,0.00,0.15,3840.79,2.00,2.00,0.00,3854.26,3855.30,3857.83,3854.66,3855.52,-0.812,3.11,53.01,30.27,30.27,-2.51,-1.80,-0.71,3855.88,3844.50,511,525,0.0,85.7,12,1,CROSS=EMA9<EMA21;TREND=1;STRUCT=1;VOL=1;COOL=1;EMA50=1;VWAP=1;BIAS=1,2.00,-0.87,20700.23,20900.93,full target: no partial booked
735,2025.10.03 09:32:36,2025.10.03 12:02:36,EXIT_SL,XAUUSD,M5,151,SELL,FULLTGT,DAY,0,3854.16,3860.84,3860.84,6.68,1.00,6.68,3847.48,3840.79,3834.11,3827.43,3820.75,0.15,0.15,0.00,3860.85,0.00,-1.00,-101.41,3852.18,3852.60,3855.20,3851.83,3852.43,-0.899,2.90,25.29,67.56,67.56,3.23,2.79,0.43,3852.91,3860.72,405,535,71.4,14.3,8,1,CROSS=EMA9<EMA21;TREND=1;STRUCT=1;VOL=1;COOL=1;EMA50=1;VWAP=1;BIAS=1,2.41,-1.00,20599.35,20599.35,stopped at the initial SL (x1.00 of usual)
736,2025.10.03 09:50:00,2025.10.03 12:20:00,SKIP,XAUUSD,M5,151,FLAT,NA,DAY,0,0.00,0.00,0.00,0.00,1.00,0.00,0.00,0.00,0.00,0.00,0.00,0.00,0.00,0.00,0.00,0.00,0.00,0.00,3853.12,3853.05,3855.33,3852.95,3852.97,-0.772,2.95,19.98,55.07,55.07,2.67,2.96,-0.29,3853.14,3857.10,533,559,57.1,14.3,10,1,CROSS=EMA9<EMA21;TREND=1;STRUCT=1;VOL=1;COOL=1;EMA50=1;VWAP=1;BIAS=1,0.00,0.00,20599.35,20599.35,outside the killzone window
737,2025.10.06 01:00:00,2025.10.06 03:30:00,DAY_SUMMARY,XAUUSD,M5,151,FLAT,NA,DAY,0,0.00,0.00,0.00,0.00,1.00,0.00,0.00,0.00,0.00,0.00,0.00,0.00,0.00,0.00,0.00,0.00,-2.01,-206.87,3884.67,3881.03,3874.55,3884.60,3880.92,4.000,1.62,27.81,54.38,54.38,-0.01,-0.10,0.09,3868.91,3886.43,92,362,85.7,0.0,9,1,CROSS=EMA9<EMA21;TREND=1;STRUCT=1;VOL=1;COOL=1;EMA50=1;VWAP=1;BIAS=1,0.00,0.00,20599.35,20599.35,2025.10.03 trades=2 W=0 L=2 gross_profit=0.00 gross_loss=206.87 net=-206.87 PF=0.00
738,2025.10.06 01:00:00,2025.10.06 03:30:00,WEEK_SUMMARY,XAUUSD,M5,151,FLAT,NA,DAY,0,0.00,0.00,0.00,0.00,1.00,0.00,0.00,0.00,0.00,0.00,0.00,0.00,0.00,0.00,0.00,0.00,-2.01,-206.87,3884.67,3881.03,3874.55,3884.60,3880.92,4.000,1.62,27.81,54.38,54.38,-0.01,-0.10,0.09,3868.91,3886.43,92,362,85.7,0.0,9,1,CROSS=EMA9<EMA21;TREND=1;STRUCT=1;VOL=1;COOL=1;EMA50=1;VWAP=1;BIAS=1,0.00,0.00,20599.35,20599.35,days=1 trades=2 W=0 L=2 gross_profit=0.00 gross_loss=206.87 net=-206.87 PF=0.00 pips=-947.0
739,2025.10.07 10:15:00,2025.10.07 12:45:00,SKIP,XAUUSD,M5,151,FLAT,NA,DAY,0,0.00,0.00,0.00,0.00,1.00,0.00,0.00,0.00,0.00,0.00,0.00,0.00,0.00,0.00,0.00,0.00,0.00,0.00,3963.56,3963.81,3958.19,3964.10,3964.08,1.557,3.61,60.82,24.93,24.93,-3.81,-2.68,-1.13,3965.59,3950.32,1173,790,0.0,100.0,7,1,CROSS=EMA9<EMA21;TREND=1;STRUCT=1;VOL=1;COOL=1;EMA50=1;VWAP=1;BIAS=1,0.00,0.00,20599.35,20599.35,outside the killzone window
740,2025.10.07 15:05:00,2025.10.07 17:35:00,SKIP,XAUUSD,M5,151,FLAT,NA,EVENING,0,0.00,0.00,0.00,0.00,1.00,0.00,0.00,0.00,0.00,0.00,0.00,0.00,0.00,0.00,0.00,0.00,0.00,0.00,3959.80,3959.79,3957.74,3959.37,3959.58,0.593,3.47,27.66,68.01,68.01,2.51,1.38,1.13,3961.80,3970.25,830,602,100.0,0.0,9,1,CROSS=EMA9<EMA21;TREND=1;STRUCT=1;VOL=1;COOL=1;EMA50=1;VWAP=1;BIAS=1,0.00,0.00,20599.35,20599.35,outside the killzone window
741,2025.10.09 01:20:00,2025.10.09 03:50:00,SKIP,XAUUSD,M5,151,FLAT,NA,DAY,0,0.00,0.00,0.00,0.00,1.00,0.00,0.00,0.00,0.00,0.00,0.00,0.00,0.00,0.00,0.00,0.00,0.00,0.00,4041.91,4042.22,4035.07,4042.61,4042.57,1.330,5.37,26.26,34.73,34.73,-4.44,-2.06,-2.38,4027.19,4024.79,658,621,0.0,100.0,6,1,CROSS=EMA9<EMA21;TREND=1;STRUCT=1;VOL=1;COOL=1;EMA50=1;VWAP=1;BIAS=1,0.00,0.00,20599.35,20599.35,outside the killzone window
742,2025.10.09 08:15:00,2025.10.09 10:45:00,SKIP,XAUUSD,M5,151,FLAT,NA,DAY,0,0.00,0.00,0.00,0.00,1.00,0.00,0.00,0.00,0.00,0.00,0.00,0.00,0.00,0.00,0.00,0.00,0.00,0.00,4029.19,4029.05,4029.15,4028.81,4028.86,-0.034,2.99,44.45,65.69,65.69,4.09,4.55,-0.46,4022.07,4038.64,472,540,71.4,14.3,5,1,CROSS=EMA9<EMA21;TREND=1;STRUCT=1;VOL=1;COOL=1;EMA50=1;VWAP=1;BIAS=1,0.00,0.00,20599.35,20599.35,outside the killzone window
743,2025.10.09 17:30:00,2025.10.09 20:00:00,SKIP,XAUUSD,M5,151,FLAT,NA,EVENING,0,0.00,0.00,0.00,0.00,1.00,0.00,0.00,0.00,0.00,0.00,0.00,0.00,0.00,0.00,0.00,0.00,0.00,0.00,4036.08,4036.35,4034.61,4037.26,4036.94,0.181,9.64,39.43,25.89,25.89,-8.10,-4.76,-3.34,4030.29,4007.19,1660,1439,0.0,100.0,6,1,CROSS=EMA9<EMA21;TREND=1;STRUCT=1;VOL=1;COOL=1;EMA50=1;VWAP=1;BIAS=1,0.00,0.00,20599.35,20599.35,outside the killzone window
744,2025.10.10 12:00:00,2025.10.10 14:30:00,SKIP,XAUUSD,M5,151,FLAT,NA,DAY,0,0.00,0.00,0.00,0.00,1.00,0.00,0.00,0.00,0.00,0.00,0.00,0.00,0.00,0.00,0.00,0.00,0.00,0.00,3976.14,3975.90,3983.09,3975.49,3975.58,-1.763,4.07,67.24,70.81,70.81,6.27,5.38,0.89,3975.05,3992.05,733,908,85.7,0.0,5,1,CROSS=EMA9<EMA21;TREND=1;STRUCT=1;VOL=1;COOL=1;EMA50=1;VWAP=1;BIAS=1,0.00,0.00,20599.35,20599.35,outside the killzone window
745,2025.10.14 10:15:00,2025.10.14 12:45:00,SKIP,XAUUSD,M5,151,FLAT,NA,DAY,0,0.00,0.00,0.00,0.00,1.00,0.00,0.00,0.00,0.00,0.00,0.00,0.00,0.00,0.00,0.00,0.00,0.00,0.00,4132.59,4132.93,4120.11,4133.41,4133.35,1.127,11.37,33.96,43.22,43.22,-11.64,-13.74,2.10,4135.92,4112.39,1145,1486,14.3,71.4,1,1,CROSS=EMA9<EMA21;TREND=1;STRUCT=1;VOL=1;COOL=1;EMA50=1;VWAP=1;BIAS=1,0.00,0.00,20599.35,20599.35,outside the killzone window
746,2025.10.14 12:00:00,2025.10.14 14:30:00,SKIP,XAUUSD,M5,151,FLAT,NA,DAY,0,0.00,0.00,0.00,0.00,1.00,0.00,0.00,0.00,0.00,0.00,0.00,0.00,0.00,0.00,0.00,0.00,0.00,0.00,4132.87,4132.68,4122.32,4132.42,4132.46,1.715,6.04,37.44,61.16,61.16,4.32,3.41,0.91,4134.98,4143.97,683,1016,85.7,0.0,5,1,CROSS=EMA9<EMA21;TREND=1;STRUCT=1;VOL=1;COOL=1;EMA50=1;VWAP=1;BIAS=1,0.00,0.00,20599.35,20599.35,outside the killzone window
747,2025.10.14 14:55:00,2025.10.14 17:25:00,SKIP,XAUUSD,M5,151,FLAT,NA,EVENING,0,0.00,0.00,0.00,0.00,1.00,0.00,0.00,0.00,0.00,0.00,0.00,0.00,0.00,0.00,0.00,0.00,0.00,0.00,4133.17,4133.19,4125.74,4133.33,4133.27,1.598,4.66,26.71,44.92,44.92,-1.31,-0.65,-0.66,4134.82,4129.23,826,822,14.3,85.7,5,1,CROSS=EMA9<EMA21;TREND=1;STRUCT=1;VOL=1;COOL=1;EMA50=1;VWAP=1;BIAS=1,0.00,0.00,20599.35,20599.35,outside the killzone window
748,2025.10.14 18:40:00,2025.10.14 21:10:00,SKIP,XAUUSD,M5,151,FLAT,NA,EVENING,0,0.00,0.00,0.00,0.00,1.00,0.00,0.00,0.00,0.00,0.00,0.00,0.00,0.00,0.00,0.00,0.00,0.00,0.00,4129.18,4129.16,4125.62,4128.70,4128.92,0.689,5.13,30.60,64.25,64.25,4.49,3.76,0.73,4131.83,4140.93,1147,1262,85.7,0.0,12,1,CROSS=EMA9<EMA21;TREND=1;STRUCT=1;VOL=1;COOL=1;EMA50=1;VWAP=1;BIAS=1,0.00,0.00,20599.35,20599.35,outside the killzone window
749,2025.10.17 13:20:00,2025.10.17 15:50:00,SKIP,XAUUSD,M5,151,FLAT,NA,DAY,0,0.00,0.00,0.00,0.00,1.00,0.00,0.00,0.00,0.00,0.00,0.00,0.00,0.00,0.00,0.00,0.00,0.00,0.00,4344.37,4344.42,4329.90,4344.54,4344.50,3.053,4.75,13.51,48.41,48.41,-1.58,-2.01,0.43,4348.74,4340.18,704,885,14.3,57.1,8,1,CROSS=EMA9<EMA21;TREND=1;STRUCT=1;VOL=1;COOL=1;EMA50=1;VWAP=1;BIAS=1,0.00,0.00,20599.35,20599.35,outside the killzone window
750,2025.10.20 05:25:00,2025.10.20 07:55:00,ENTRY,XAUUSD,M5,153,BUY,FULLTGT,DAY,0,4264.38,4251.17,4251.17,13.21,1.00,13.21,4277.59,4290.81,4304.02,4317.23,4330.44,0.07,0.07,0.07,4264.38,0.00,0.00,0.00,4250.25,4250.14,4262.49,4249.68,4249.86,-1.869,6.61,26.53,60.21,60.21,5.40,5.70,-0.29,4248.94,4264.29,760,1125,71.4,14.3,5,1,CROSS=EMA9>EMA21;TREND=1;STRUCT=1;VOL=1;COOL=1;EMA50=1;VWAP=1;BIAS=1,0.00,0.00,20599.10,20598.75,KZ=ASIA; KZR=Asia H @ 4242.15 1060 bars ago (high taken); DAY 12AM-4PM IST session: stop x1.00 of usual; no partials; full size to TP5; SL steps BE->TP1->TP2->TP3
751,2025.10.20 06:35:26,2025.10.20 09:05:26,EXIT_SL,XAUUSD,M5,153,BUY,FULLTGT,DAY,0,4264.38,4251.17,4251.17,13.21,1.00,13.21,4277.59,4290.81,4304.02,4317.23,4330.44,0.07,0.07,0.00,4251.16,0.00,-1.00,-93.04,4253.75,4252.22,4262.01,4253.81,4252.22,-1.849,5.29,28.70,44.99,44.99,0.47,1.74,-1.27,4251.13,4252.36,801,938,28.6,57.1,5,1,CROSS=EMA9>EMA21;TREND=1;STRUCT=1;VOL=1;COOL=1;EMA50=1;VWAP=1;BIAS=1,0.51,-1.00,20506.31,20506.31,stopped at the initial SL (x1.00 of usual)
752,2025.10.20 09:25:00,2025.10.20 11:55:00,SKIP,XAUUSD,M5,153,FLAT,NA,DAY,0,0.00,0.00,0.00,0.00,1.00,0.00,0.00,0.00,0.00,0.00,0.00,0.00,0.00,0.00,0.00,0.00,0.00,0.00,4253.38,4253.52,4260.16,4254.05,4253.85,-0.868,7.65,50.69,35.51,35.51,-6.01,-4.19,-1.82,4251.84,4236.96,1103,920,0.0,100.0,7,1,CROSS=EMA9>EMA21;TREND=1;STRUCT=1;VOL=1;COOL=1;EMA50=1;VWAP=1;BIAS=1,0.00,0.00,20506.31,20506.31,outside the killzone window
753,2025.10.20 11:30:00,2025.10.20 14:00:00,SKIP,XAUUSD,M5,153,FLAT,NA,DAY,0,0.00,0.00,0.00,0.00,1.00,0.00,0.00,0.00,0.00,0.00,0.00,0.00,0.00,0.00,0.00,0.00,0.00,0.00,4252.72,4252.56,4258.01,4252.40,4252.40,-1.319,4.13,27.85,60.21,60.21,3.43,2.91,0.52,4251.02,4260.70,699,891,85.7,0.0,8,1,CROSS=EMA9>EMA21;TREND=1;STRUCT=1;VOL=1;COOL=1;EMA50=1;VWAP=1;BIAS=1,0.00,0.00,20506.31,20506.31,outside the killzone window
754,2025.10.21 01:00:00,2025.10.21 03:30:00,DAY_SUMMARY,XAUUSD,M5,153,FLAT,NA,DAY,0,0.00,0.00,0.00,0.00,1.00,0.00,0.00,0.00,0.00,0.00,0.00,0.00,0.00,0.00,0.00,0.00,-1.00,-93.04,4354.23,4339.11,4315.75,4354.14,4338.76,2.899,8.06,25.34,47.62,47.62,-0.92,0.03,-0.95,4289.48,4356.30,332,866,42.9,42.9,8,1,CROSS=EMA9>EMA21;TREND=1;STRUCT=1;VOL=1;COOL=1;EMA50=1;VWAP=1;BIAS=1,0.00,0.00,20506.31,20506.31,2025.10.20 trades=1 W=0 L=1 gross_profit=0.00 gross_loss=93.04 net=-93.04 PF=0.00
755,2025.10.21 07:30:00,2025.10.21 10:00:00,SKIP,XAUUSD,M5,153,FLAT,NA,DAY,0,0.00,0.00,0.00,0.00,1.00,0.00,0.00,0.00,0.00,0.00,0.00,0.00,0.00,0.00,0.00,0.00,0.00,0.00,4348.97,4349.01,4336.18,4349.21,4349.13,3.807,3.37,32.23,43.71,43.71,-1.29,-1.08,-0.21,4354.38,4342.97,559,621,0.0,85.7,5,1,CROSS=EMA9>EMA21;TREND=1;STRUCT=1;VOL=1;COOL=1;EMA50=1;VWAP=1;BIAS=1,0.00,0.00,20506.31,20506.31,outside the killzone window
756,2025.10.22 08:20:00,2025.10.22 10:50:00,SKIP,XAUUSD,M5,153,FLAT,NA,DAY,0,0.00,0.00,0.00,0.00,1.00,0.00,0.00,0.00,0.00,0.00,0.00,0.00,0.00,0.00,0.00,0.00,0.00,0.00,4121.37,4121.01,4145.95,4120.39,4120.52,-3.549,7.03,24.39,70.41,70.41,5.86,4.80,1.06,4103.05,4145.27,904,794,85.7,0.0,5,1,CROSS=EMA9>EMA21;TREND=1;STRUCT=1;VOL=1;COOL=1;EMA50=1;VWAP=1;BIAS=1,0.00,0.00,20506.31,20506.31,outside the killzone window
757,2025.10.22 11:45:00,2025.10.22 14:15:00,SKIP,XAUUSD,M5,153,FLAT,NA,DAY,0,0.00,0.00,0.00,0.00,1.00,0.00,0.00,0.00,0.00,0.00,0.00,0.00,0.00,0.00,0.00,0.00,0.00,0.00,4124.82,4125.54,4140.83,4126.33,4126.30,-1.033,14.80,41.71,32.62,32.62,-11.78,-8.89,-2.89,4112.88,4087.88,1434,1287,0.0,100.0,8,1,CROSS=EMA9>EMA21;TREND=1;STRUCT=1;VOL=1;COOL=1;EMA50=1;VWAP=1;BIAS=1,0.00,0.00,20506.31,20506.31,outside the killzone window
758,2025.10.22 22:15:00,2025.10.23 00:45:00,SKIP,XAUUSD,M5,153,FLAT,NA,DAY,0,0.00,0.00,0.00,0.00,1.00,0.00,0.00,0.00,0.00,0.00,0.00,0.00,0.00,0.00,0.00,0.00,0.00,0.00,4063.56,4063.02,4079.67,4062.36,4062.42,-2.998,5.55,49.94,70.94,70.94,8.64,7.92,0.72,4079.23,4093.02,947,968,85.7,0.0,11,1,CROSS=EMA9>EMA21;TREND=1;STRUCT=1;VOL=1;COOL=1;EMA50=1;VWAP=1;BIAS=1,0.00,0.00,20506.31,20506.31,outside the killzone window
759,2025.10.23 23:25:00,2025.10.24 01:55:00,SKIP,XAUUSD,M5,153,FLAT,NA,DAY,0,0.00,0.00,0.00,0.00,1.00,0.00,0.00,0.00,0.00,0.00,0.00,0.00,0.00,0.00,0.00,0.00,0.00,0.00,4129.24,4129.38,4122.00,4129.99,4129.75,1.472,5.01,68.84,22.68,22.68,-6.27,-5.18,-1.09,4114.60,4111.01,651,736,0.0,85.7,10,1,CROSS=EMA9>EMA21;TREND=1;STRUCT=1;VOL=1;COOL=1;EMA50=1;VWAP=1;BIAS=1,0.00,0.00,20506.31,20506.31,outside the killzone window
760,2025.10.24 04:20:00,2025.10.24 06:50:00,SKIP,XAUUSD,M5,153,FLAT,NA,DAY,0,0.00,0.00,0.00,0.00,1.00,0.00,0.00,0.00,0.00,0.00,0.00,0.00,0.00,0.00,0.00,0.00,0.00,0.00,4126.22,4126.09,4122.43,4125.69,4125.82,0.723,5.05,48.61,65.73,65.73,5.00,3.58,1.42,4125.63,4139.11,909,651,85.7,14.3,5,1,CROSS=EMA9>EMA21;TREND=1;STRUCT=1;VOL=1;COOL=1;EMA50=1;VWAP=1;BIAS=1,0.00,0.00,20506.31,20506.31,already positioned that way
761,2025.10.24 05:05:00,2025.10.24 07:35:00,ENTRY,XAUUSD,M5,155,SELL,FULLTGT,DAY,0,4118.18,4131.63,4131.63,13.45,1.00,13.45,4104.73,4091.27,4077.82,4064.37,4050.92,0.07,0.07,0.07,4118.18,0.00,0.00,0.00,4125.99,4126.04,4122.74,4126.31,4126.20,0.491,6.73,39.93,38.47,38.47,-1.11,2.26,-3.37,4125.63,4118.04,841,785,0.0,100.0,5,1,CROSS=EMA9<EMA21;TREND=1;STRUCT=1;VOL=1;COOL=1;EMA50=1;VWAP=1;BIAS=1,0.00,0.00,20506.06,20505.71,KZ=ASIA; KZR=Asia L @ 4153.84 716 bars ago (low taken); DAY 12AM-4PM IST session: stop x1.00 of usual; no partials; full size to TP5; SL steps BE->TP1->TP2->TP3
762,2025.10.24 07:30:36,2025.10.24 10:00:36,TP1_REACHED,XAUUSD,M5,155,SELL,FULLTGT,DAY,0,4118.18,4131.63,4131.63,13.45,1.00,13.45,4104.73,4091.27,4077.82,4064.37,4050.92,0.07,0.00,0.07,4104.73,1.00,1.00,0.00,4118.12,4120.96,4120.66,4118.58,4121.24,0.076,3.96,27.56,36.55,36.55,-1.93,-0.72,-1.22,4121.03,4106.97,791,600,14.3,85.7,10,1,CROSS=EMA9<EMA21;TREND=1;STRUCT=1;VOL=1;COOL=1;EMA50=1;VWAP=1;BIAS=1,1.00,-0.40,20506.06,20600.84,full target: no partial booked
763,2025.10.24 09:06:37,2025.10.24 11:36:37,TP2_REACHED,XAUUSD,M5,155,SELL,FULLTGT,DAY,0,4118.18,4131.63,4131.63,13.45,1.00,13.45,4104.73,4091.27,4077.82,4064.37,4050.92,0.07,0.00,0.07,4091.27,2.00,2.00,0.00,4113.67,4117.49,4118.82,4114.42,4117.93,-0.266,5.03,26.90,31.97,31.97,-2.67,-1.28,-1.39,4118.72,4095.32,1031,604,0.0,100.0,7,1,CROSS=EMA9<EMA21;TREND=1;STRUCT=1;VOL=1;COOL=1;EMA50=1;VWAP=1;BIAS=1,2.00,-0.40,20506.06,20695.13,full target: no partial booked
764,2025.10.24 10:51:35,2025.10.24 13:21:35,TP3_REACHED,XAUUSD,M5,155,SELL,FULLTGT,DAY,0,4118.18,4131.63,4131.63,13.45,1.00,13.45,4104.73,4091.27,4077.82,4064.37,4050.92,0.07,0.00,0.07,4077.82,3.00,3.00,0.00,4100.35,4108.16,4113.42,4101.02,4108.65,-1.068,4.93,27.09,32.52,32.52,-4.36,-4.14,-0.22,4111.74,4084.03,851,867,0.0,85.7,5,1,CROSS=EMA9<EMA21;TREND=1;STRUCT=1;VOL=1;COOL=1;EMA50=1;VWAP=1;BIAS=1,3.00,-0.40,20506.06,20789.07,full target: no partial booked
765,2025.10.24 11:05:38,2025.10.24 13:35:38,TP4_REACHED,XAUUSD,M5,155,SELL,FULLTGT,DAY,0,4118.18,4131.63,4131.63,13.45,1.00,13.45,4104.73,4091.27,4077.82,4064.37,4050.92,0.07,0.00,0.07,4064.37,4.00,4.00,0.00,4097.00,4105.98,4112.16,4098.27,4106.79,-0.963,6.42,39.37,22.35,22.35,-7.15,-4.80,-2.35,4109.97,4065.72,1295,882,0.0,100.0,11,1,CROSS=EMA9<EMA21;TREND=1;STRUCT=1;VOL=1;COOL=1;EMA50=1;VWAP=1;BIAS=1,4.00,-0.40,20506.06,20883.01,full target: no partial booked
766,2025.10.24 11:15:37,2025.10.24 13:45:37,TP5_EXIT,XAUUSD,M5,155,SELL,FULLTGT,DAY,0,4118.18,4131.63,4131.63,13.45,1.00,13.45,4104.73,4091.27,4077.82,4064.37,4050.92,0.07,0.07,0.00,4050.80,5.00,5.00,0.00,4094.13,4104.17,4111.12,4095.75,4105.17,-0.971,7.16,47.97,17.46,17.46,-9.39,-5.85,-3.54,4108.37,4054.39,1388,914,0.0,100.0,6,1,CROSS=EMA9<EMA21;TREND=1;STRUCT=1;VOL=1;COOL=1;EMA50=1;VWAP=1;BIAS=1,5.00,-0.40,20977.47,20977.47,full target reached; closed in full
767,2025.10.24 11:15:38,2025.10.24 13:45:38,EXIT_TP,XAUUSD,M5,155,SELL,FULLTGT,DAY,0,4118.18,4131.63,4131.63,13.45,1.00,13.45,4104.73,4091.27,4077.82,4064.37,4050.92,0.07,0.07,0.00,4050.80,0.00,5.01,471.16,4094.13,4104.17,4111.12,4095.75,4105.17,-0.971,7.16,47.97,17.46,17.46,-9.39,-5.85,-3.54,4108.37,4054.39,1388,914,0.0,100.0,6,1,CROSS=EMA9<EMA21;TREND=1;STRUCT=1;VOL=1;COOL=1;EMA50=1;VWAP=1;BIAS=1,5.00,-0.40,20977.47,20977.47,TP5 exit
768,2025.10.24 17:00:00,2025.10.24 19:30:00,SKIP,XAUUSD,M5,155,FLAT,NA,EVENING,0,0.00,0.00,0.00,0.00,1.00,0.00,0.00,0.00,0.00,0.00,0.00,0.00,0.00,0.00,0.00,0.00,0.00,0.00,4084.63,4084.42,4093.00,4083.75,4083.98,-0.815,10.52,28.85,61.09,61.09,11.10,12.73,-1.63,4093.70,4106.21,1274,1395,71.4,14.3,5,1,CROSS=EMA9<EMA21;TREND=1;STRUCT=1;VOL=1;COOL=1;EMA50=1;VWAP=1;BIAS=1,0.00,0.00,20977.47,20977.47,outside the killzone window
769,2025.10.27 01:00:00,2025.10.27 03:30:00,DAY_SUMMARY,XAUUSD,M5,155,FLAT,NA,DAY,0,0.00,0.00,0.00,0.00,1.00,0.00,0.00,0.00,0.00,0.00,0.00,0.00,0.00,0.00,0.00,0.00,5.01,471.16,4110.17,4108.53,4105.99,4110.09,4108.46,0.711,3.58,34.08,58.17,58.17,-0.59,-2.69,2.10,4102.03,4112.26,53,508,85.7,0.0,8,1,CROSS=EMA9<EMA21;TREND=1;STRUCT=1;VOL=1;COOL=1;EMA50=1;VWAP=1;BIAS=1,0.00,0.00,20977.47,20977.47,2025.10.24 trades=1 W=1 L=0 gross_profit=471.16 gross_loss=0.00 net=471.16 PF=0.00
770,2025.10.27 01:00:00,2025.10.27 03:30:00,WEEK_SUMMARY,XAUUSD,M5,155,FLAT,NA,DAY,0,0.00,0.00,0.00,0.00,1.00,0.00,0.00,0.00,0.00,0.00,0.00,0.00,0.00,0.00,0.00,0.00,4.01,378.12,4110.17,4108.53,4105.99,4110.09,4108.46,0.711,3.58,34.08,58.17,58.17,-0.59,-2.69,2.10,4102.03,4112.26,53,508,85.7,0.0,8,1,CROSS=EMA9<EMA21;TREND=1;STRUCT=1;VOL=1;COOL=1;EMA50=1;VWAP=1;BIAS=1,0.00,0.00,20977.47,20977.47,days=2 trades=2 W=1 L=1 gross_profit=471.16 gross_loss=93.04 net=378.12 PF=5.06 pips=5416.0
771,2025.10.27 01:35:00,2025.10.27 04:05:00,SKIP,XAUUSD,M5,155,FLAT,NA,DAY,0,0.00,0.00,0.00,0.00,1.00,0.00,0.00,0.00,0.00,0.00,0.00,0.00,0.00,0.00,0.00,0.00,0.00,0.00,4106.86,4106.96,4105.34,4107.20,4107.13,0.156,10.40,19.96,46.02,46.02,-3.02,-2.42,-0.60,4092.97,4098.52,863,588,28.6,57.1,10,1,CROSS=EMA9<EMA21;TREND=1;STRUCT=1;VOL=1;COOL=1;EMA50=1;VWAP=1;BIAS=1,0.00,0.00,20977.47,20977.47,outside the killzone window
772,2025.10.28 18:25:00,2025.10.28 20:55:00,SKIP,XAUUSD,M5,155,FLAT,NA,EVENING,0,0.00,0.00,0.00,0.00,1.00,0.00,0.00,0.00,0.00,0.00,0.00,0.00,0.00,0.00,0.00,0.00,0.00,0.00,3936.72,3936.72,3952.11,3935.78,3936.25,-2.766,5.57,41.20,73.04,73.04,7.87,7.00,0.87,3950.94,3959.82,1086,1245,85.7,0.0,5,1,CROSS=EMA9<EMA21;TREND=1;STRUCT=1;VOL=1;COOL=1;EMA50=1;VWAP=1;BIAS=1,0.00,0.00,20977.47,20977.47,outside the killzone window
773,2025.10.29 02:00:00,2025.10.29 04:30:00,SKIP,XAUUSD,M5,155,FLAT,NA,DAY,0,0.00,0.00,0.00,0.00,1.00,0.00,0.00,0.00,0.00,0.00,0.00,0.00,0.00,0.00,0.00,0.00,0.00,0.00,3949.39,3949.46,3953.29,3950.02,3949.77,-0.371,10.31,17.09,34.78,34.78,-4.67,-4.01,-0.65,3940.45,3933.94,552,497,0.0,85.7,10,1,CROSS=EMA9<EMA21;TREND=1;STRUCT=1;VOL=1;COOL=1;EMA50=1;VWAP=1;BIAS=1,0.00,0.00,20977.47,20977.47,already positioned that way
774,2025.10.29 02:45:00,2025.10.29 05:15:00,ENTRY,XAUUSD,M5,157,BUY,FULLTGT,DAY,0,3959.82,3948.61,3948.61,11.21,1.00,11.21,3971.03,3982.25,3993.46,4004.68,4015.89,0.09,0.09,0.09,3959.82,0.00,0.00,0.00,3949.74,3949.61,3953.03,3949.32,3949.40,-0.610,5.61,26.66,62.93,62.93,0.94,-1.54,2.48,3943.46,3959.97,623,575,100.0,0.0,12,1,CROSS=EMA9>EMA21;TREND=1;STRUCT=1;VOL=1;COOL=1;EMA50=1;VWAP=1;BIAS=1,0.00,0.00,20977.15,20976.07,KZ=ASIA; KZR=Asia L @ 3973.54 232 bars ago (low taken); DAY 12AM-4PM IST session: stop x1.00 of usual; no partials; full size to TP5; SL steps BE->TP1->TP2->TP3
775,2025.10.29 03:29:30,2025.10.29 05:59:30,TP1_REACHED,XAUUSD,M5,157,BUY,FULLTGT,DAY,0,3959.82,3948.61,3948.61,11.21,1.00,11.21,3971.03,3982.25,3993.46,4004.68,4015.89,0.09,0.00,0.09,3971.03,1.00,1.00,0.00,3953.71,3951.75,3953.88,3953.08,3951.40,-0.356,5.96,35.58,65.25,65.25,5.06,3.31,1.76,3950.30,3969.30,656,625,100.0,0.0,5,1,CROSS=EMA9>EMA21;TREND=1;STRUCT=1;VOL=1;COOL=1;EMA50=1;VWAP=1;BIAS=1,1.00,-0.44,20977.15,21078.49,full target: no partial booked
776,2025.10.29 03:43:42,2025.10.29 06:13:42,TP2_REACHED,XAUUSD,M5,157,BUY,FULLTGT,DAY,0,3959.82,3948.61,3948.61,11.21,1.00,11.21,3971.03,3982.25,3993.46,4004.68,4015.89,0.09,0.00,0.09,3982.25,2.00,2.00,0.00,3955.84,3952.96,3954.43,3955.06,3952.52,-0.235,6.22,42.65,69.58,69.58,6.27,4.74,1.53,3952.49,3975.06,665,644,100.0,0.0,14,1,CROSS=EMA9>EMA21;TREND=1;STRUCT=1;VOL=1;COOL=1;EMA50=1;VWAP=1;BIAS=1,2.00,-0.44,20977.15,21179.20,full target: no partial booked
777,2025.10.29 05:35:40,2025.10.29 08:05:40,EXIT_SL,XAUUSD,M5,157,BUY,FULLTGT,DAY,0,3959.82,3948.61,3948.61,11.21,1.00,11.21,3971.03,3982.25,3993.46,4004.68,4015.89,0.09,0.09,0.00,3948.60,0.00,-1.00,-101.62,3964.81,3959.76,3957.98,3965.18,3959.84,0.309,5.76,39.76,35.14,35.14,-0.79,1.68,-2.48,3962.69,3955.69,1188,916,14.3,85.7,12,1,CROSS=EMA9>EMA21;TREND=1;STRUCT=1;VOL=1;COOL=1;EMA50=1;VWAP=1;BIAS=1,2.01,-0.99,20875.85,20875.85,stopped at the initial SL (x1.00 of usual)
778,2025.10.29 20:05:00,2025.10.29 22:35:00,SKIP,XAUUSD,M5,157,FLAT,NA,EVENING,0,0.00,0.00,0.00,0.00,1.00,0.00,0.00,0.00,0.00,0.00,0.00,0.00,0.00,0.00,0.00,0.00,0.00,0.00,4004.94,4005.16,3996.01,4005.45,4005.42,2.362,3.87,32.62,35.57,35.57,-3.94,-3.99,0.04,3991.82,3992.29,673,949,28.6,57.1,6,1,CROSS=EMA9>EMA21;TREND=1;STRUCT=1;VOL=1;COOL=1;EMA50=1;VWAP=1;BIAS=1,0.00,0.00,20875.85,20875.85,outside the killzone window
779,2025.10.30 01:00:00,2025.10.30 03:30:00,DAY_SUMMARY,XAUUSD,M5,157,FLAT,NA,DAY,0,0.00,0.00,0.00,0.00,1.00,0.00,0.00,0.00,0.00,0.00,0.00,0.00,0.00,0.00,0.00,0.00,-1.00,-101.62,3961.45,3976.81,3983.03,3962.73,3977.75,-0.790,7.87,33.32,35.30,35.30,-8.81,-8.62,-0.19,3986.08,3930.12,463,1003,0.0,85.7,9,1,CROSS=EMA9>EMA21;TREND=1;STRUCT=1;VOL=1;COOL=1;EMA50=1;VWAP=1;BIAS=1,0.00,0.00,20875.85,20875.85,2025.10.29 trades=1 W=0 L=1 gross_profit=0.00 gross_loss=101.62 net=-101.62 PF=0.00
780,2025.10.30 09:10:00,2025.10.30 11:40:00,SKIP,XAUUSD,M5,157,FLAT,NA,DAY,0,0.00,0.00,0.00,0.00,1.00,0.00,0.00,0.00,0.00,0.00,0.00,0.00,0.00,0.00,0.00,0.00,0.00,0.00,3954.71,3954.66,3961.97,3954.29,3954.45,-0.967,7.56,25.62,55.90,55.90,3.92,4.20,-0.28,3948.89,3964.98,1095,1202,71.4,14.3,5,1,CROSS=EMA9>EMA21;TREND=1;STRUCT=1;VOL=1;COOL=1;EMA50=1;VWAP=1;BIAS=1,0.00,0.00,20875.85,20875.85,outside the killzone window
781,2025.10.31 06:40:00,2025.10.31 09:10:00,ENTRY,XAUUSD,M5,159,SELL,FULLTGT,DAY,0,4002.92,4016.62,4016.62,13.70,1.00,13.70,3989.22,3975.53,3961.83,3948.13,3934.43,0.07,0.07,0.07,4002.92,0.00,0.00,0.00,4015.30,4015.53,4007.07,4015.81,4015.79,1.236,6.85,36.69,40.88,40.88,-5.92,-5.89,-0.03,4021.38,4002.92,657,1122,0.0,85.7,5,1,CROSS=EMA9<EMA21;TREND=1;STRUCT=1;VOL=1;COOL=1;EMA50=1;VWAP=1;BIAS=1,0.00,0.00,20875.60,20875.25,KZ=ASIA; KZR=Asia L @ 3944.22 395 bars ago (low taken); DAY 12AM-4PM IST session: stop x1.00 of usual; no partials; full size to TP5; SL steps BE->TP1->TP2->TP3
782,2025.10.31 10:04:42,2025.10.31 12:34:42,EXIT_SL,XAUUSD,M5,159,SELL,FULLTGT,DAY,0,4002.92,4016.62,4016.62,13.70,1.00,13.70,3989.22,3975.53,3961.83,3948.13,3934.43,0.07,0.07,0.00,4016.69,0.00,-1.01,-96.89,4007.22,4009.22,4005.89,4006.98,4009.14,0.680,4.90,18.19,62.06,62.06,2.07,2.10,-0.03,4015.30,4013.23,1012,920,42.9,42.9,9,1,CROSS=EMA9<EMA21;TREND=1;STRUCT=1;VOL=1;COOL=1;EMA50=1;VWAP=1;BIAS=1,1.01,-1.00,20778.96,20778.96,stopped at the initial SL (x1.00 of usual)
783,2025.10.31 10:55:00,2025.10.31 13:25:00,SKIP,XAUUSD,M5,159,FLAT,NA,DAY,0,0.00,0.00,0.00,0.00,1.00,0.00,0.00,0.00,0.00,0.00,0.00,0.00,0.00,0.00,0.00,0.00,0.00,0.00,4010.85,4010.82,4007.08,4010.57,4010.69,0.645,5.81,23.68,56.48,56.48,3.25,3.41,-0.16,4015.46,4017.61,505,904,57.1,14.3,9,1,CROSS=EMA9<EMA21;TREND=1;STRUCT=1;VOL=1;COOL=1;EMA50=1;VWAP=1;BIAS=1,0.00,0.00,20778.96,20778.96,outside the killzone window
784,2025.10.31 12:45:00,2025.10.31 15:15:00,SKIP,XAUUSD,M5,159,FLAT,NA,DAY,0,0.00,0.00,0.00,0.00,1.00,0.00,0.00,0.00,0.00,0.00,0.00,0.00,0.00,0.00,0.00,0.00,0.00,0.00,4011.61,4011.63,4008.36,4011.91,4011.78,0.636,5.15,33.89,39.98,39.98,-3.32,-1.99,-1.33,4015.26,4004.23,559,783,0.0,85.7,7,1,CROSS=EMA9<EMA21;TREND=1;STRUCT=1;VOL=1;COOL=1;EMA50=1;VWAP=1;BIAS=1,0.00,0.00,20778.96,20778.96,outside the killzone window
785,2025.10.31 15:40:00,2025.10.31 18:10:00,SKIP,XAUUSD,M5,159,FLAT,NA,EVENING,0,0.00,0.00,0.00,0.00,1.00,0.00,0.00,0.00,0.00,0.00,0.00,0.00,0.00,0.00,0.00,0.00,0.00,0.00,4011.50,4011.24,4009.02,4010.91,4010.95,0.489,4.55,39.29,68.02,68.02,3.20,1.04,2.16,4014.55,4026.01,1273,700,100.0,0.0,7,1,CROSS=EMA9<EMA21;TREND=1;STRUCT=1;VOL=1;COOL=1;EMA50=1;VWAP=1;BIAS=1,0.00,0.00,20778.96,20778.96,outside the killzone window
786,2025.10.31 19:20:00,2025.10.31 21:50:00,SKIP,XAUUSD,M5,159,FLAT,NA,EVENING,0,0.00,0.00,0.00,0.00,1.00,0.00,0.00,0.00,0.00,0.00,0.00,0.00,0.00,0.00,0.00,0.00,0.00,0.00,4013.83,4014.23,4011.98,4015.29,4014.95,0.290,7.74,34.45,23.64,23.64,-7.28,-1.99,-5.29,4015.34,3978.26,1817,1245,0.0,100.0,7,1,CROSS=EMA9<EMA21;TREND=1;STRUCT=1;VOL=1;COOL=1;EMA50=1;VWAP=1;BIAS=1,0.00,0.00,20778.96,20778.96,outside the killzone window
787,2025.11.03 01:00:00,2025.11.03 03:30:00,DAY_SUMMARY,XAUUSD,M5,159,FLAT,NA,DAY,0,0.00,0.00,0.00,0.00,1.00,0.00,0.00,0.00,0.00,0.00,0.00,0.00,0.00,0.00,0.00,0.00,-1.01,-96.89,4000.94,4003.44,4005.76,4000.89,4003.47,-0.738,3.14,25.83,52.58,52.58,1.10,0.54,0.56,4011.34,4002.19,149,519,57.1,28.6,5,1,CROSS=EMA9<EMA21;TREND=1;STRUCT=1;VOL=1;COOL=1;EMA50=1;VWAP=1;BIAS=1,0.00,0.00,20778.96,20778.96,2025.10.31 trades=1 W=0 L=1 gross_profit=0.00 gross_loss=96.89 net=-96.89 PF=0.00
788,2025.11.03 01:00:00,2025.11.03 03:30:00,WEEK_SUMMARY,XAUUSD,M5,159,FLAT,NA,DAY,0,0.00,0.00,0.00,0.00,1.00,0.00,0.00,0.00,0.00,0.00,0.00,0.00,0.00,0.00,0.00,0.00,-2.01,-198.51,4000.94,4003.44,4005.76,4000.89,4003.47,-0.738,3.14,25.83,52.58,52.58,1.10,0.54,0.56,4011.34,4002.19,149,519,57.1,28.6,5,1,CROSS=EMA9<EMA21;TREND=1;STRUCT=1;VOL=1;COOL=1;EMA50=1;VWAP=1;BIAS=1,0.00,0.00,20778.96,20778.96,days=2 trades=2 W=0 L=2 gross_profit=0.00 gross_loss=198.51 net=-198.51 PF=0.00 pips=-2499.0
789,2025.11.03 01:00:00,2025.11.03 03:30:00,MONTH_SUMMARY,XAUUSD,M5,159,FLAT,NA,DAY,0,0.00,0.00,0.00,0.00,1.00,0.00,0.00,0.00,0.00,0.00,0.00,0.00,0.00,0.00,0.00,0.00,-0.00,-27.26,4000.94,4003.44,4005.76,4000.89,4003.47,-0.738,3.14,25.83,52.58,52.58,1.10,0.54,0.56,4011.34,4002.19,149,519,57.1,28.6,5,1,CROSS=EMA9<EMA21;TREND=1;STRUCT=1;VOL=1;COOL=1;EMA50=1;VWAP=1;BIAS=1,0.00,0.00,20778.96,20778.96,days=5 trades=6 W=1 L=5 gross_profit=471.16 gross_loss=498.42 net=-27.26 PF=0.95 pips=1970.0
790,2025.11.03 05:40:00,2025.11.03 08:10:00,ENTRY,XAUUSD,M5,161,BUY,FULLTGT,DAY,0,4011.97,4002.09,4002.09,9.88,1.00,9.88,4021.85,4031.73,4041.61,4051.50,4061.38,0.10,0.10,0.10,4011.97,0.00,0.00,0.00,3996.90,3996.70,3999.84,3996.28,3996.39,-0.635,4.94,33.74,67.69,67.69,5.20,4.83,0.37,3990.26,4012.02,669,812,85.7,0.0,5,1,CROSS=EMA9>EMA21;TREND=1;STRUCT=1;VOL=1;COOL=1;EMA50=1;VWAP=1;BIAS=1,0.00,0.00,20778.61,20778.11,KZ=ASIA; KZR=Asia L @ 3944.22 1247 bars ago (low taken); DAY 12AM-4PM IST session: stop x1.00 of usual; no partials; full size to TP5; SL steps BE->TP1->TP2->TP3
791,2025.11.03 06:27:39,2025.11.03 08:57:39,EXIT_SL,XAUUSD,M5,161,BUY,FULLTGT,DAY,0,4011.97,4002.09,4002.09,9.88,1.00,9.88,4021.85,4031.73,4041.61,4051.50,4061.38,0.10,0.10,0.00,4002.06,0.00,-1.00,-99.80,4000.76,3998.86,4000.70,4000.62,3998.75,-0.451,4.09,32.33,48.80,48.80,3.03,4.61,-1.58,3992.38,4004.12,910,718,42.9,57.1,5,1,CROSS=EMA9>EMA21;TREND=1;STRUCT=1;VOL=1;COOL=1;EMA50=1;VWAP=1;BIAS=1,0.35,-1.00,20679.16,20679.16,stopped at the initial SL (x1.00 of usual)
792,2025.11.03 12:50:00,2025.11.03 15:20:00,SKIP,XAUUSD,M5,161,FLAT,NA,DAY,0,0.00,0.00,0.00,0.00,1.00,0.00,0.00,0.00,0.00,0.00,0.00,0.00,0.00,0.00,0.00,0.00,0.00,0.00,4007.75,4007.89,4006.37,4008.21,4008.13,0.341,4.45,26.44,33.77,33.77,-4.69,-5.20,0.52,4002.44,3996.27,753,859,14.3,71.4,5,1,CROSS=EMA9>EMA21;TREND=1;STRUCT=1;VOL=1;COOL=1;EMA50=1;VWAP=1;BIAS=1,0.00,0.00,20679.16,20679.16,outside the killzone window
793,2025.11.03 15:05:00,2025.11.03 17:35:00,SKIP,XAUUSD,M5,161,FLAT,NA,EVENING,0,0.00,0.00,0.00,0.00,1.00,0.00,0.00,0.00,0.00,0.00,0.00,0.00,0.00,0.00,0.00,0.00,0.00,0.00,4007.38,4007.34,4006.35,4007.07,4007.19,0.291,3.42,38.56,68.40,68.40,2.30,1.37,0.93,4002.93,4014.79,994,670,100.0,0.0,5,1,CROSS=EMA9>EMA21;TREND=1;STRUCT=1;VOL=1;COOL=1;EMA50=1;VWAP=1;BIAS=1,0.00,0.00,20679.16,20679.16,outside the killzone window
794,2025.11.03 19:10:00,2025.11.03 21:40:00,SKIP,XAUUSD,M5,161,FLAT,NA,EVENING,0,0.00,0.00,0.00,0.00,1.00,0.00,0.00,0.00,0.00,0.00,0.00,0.00,0.00,0.00,0.00,0.00,0.00,0.00,4010.32,4010.32,4008.83,4010.55,4010.44,0.267,5.59,24.40,44.10,44.10,-2.51,-3.63,1.12,4006.21,4004.67,910,1125,14.3,57.1,5,1,CROSS=EMA9>EMA21;TREND=1;STRUCT=1;VOL=1;COOL=1;EMA50=1;VWAP=1;BIAS=1,0.00,0.00,20679.16,20679.16,outside the killzone window
795,2025.11.04 01:00:00,2025.11.04 03:30:00,DAY_SUMMARY,XAUUSD,M5,161,FLAT,NA,DAY,0,0.00,0.00,0.00,0.00,1.00,0.00,0.00,0.00,0.00,0.00,0.00,0.00,0.00,0.00,0.00,0.00,-1.00,-99.80,4005.92,4007.09,4007.44,4006.11,4007.21,-0.151,2.31,48.94,38.13,38.13,-1.56,-0.84,-0.72,4006.18,4001.26,122,403,0.0,85.7,5,1,CROSS=EMA9>EMA21;TREND=1;STRUCT=1;VOL=1;COOL=1;EMA50=1;VWAP=1;BIAS=1,0.00,0.00,20679.16,20679.16,2025.11.03 trades=1 W=0 L=1 gross_profit=0.00 gross_loss=99.80 net=-99.80 PF=0.00
796,2025.11.04 11:00:00,2025.11.04 13:30:00,SKIP,XAUUSD,M5,161,FLAT,NA,DAY,0,0.00,0.00,0.00,0.00,1.00,0.00,0.00,0.00,0.00,0.00,0.00,0.00,0.00,0.00,0.00,0.00,0.00,0.00,3990.31,3990.30,3994.02,3990.07,3990.19,-0.912,4.08,35.83,56.42,56.42,3.11,3.49,-0.38,3987.22,3996.13,604,751,71.4,14.3,5,1,CROSS=EMA9>EMA21;TREND=1;STRUCT=1;VOL=1;COOL=1;EMA50=1;VWAP=1;BIAS=1,0.00,0.00,20679.16,20679.16,outside the killzone window
797,2025.11.04 15:30:00,2025.11.04 18:00:00,SKIP,XAUUSD,M5,161,FLAT,NA,EVENING,0,0.00,0.00,0.00,0.00,1.00,0.00,0.00,0.00,0.00,0.00,0.00,0.00,0.00,0.00,0.00,0.00,0.00,0.00,3991.54,3991.57,3993.37,3991.85,3991.72,-0.374,4.82,19.34,38.32,38.32,-1.36,-1.39,0.02,3988.66,3983.97,945,753,14.3,71.4,8,1,CROSS=EMA9>EMA21;TREND=1;STRUCT=1;VOL=1;COOL=1;EMA50=1;VWAP=1;BIAS=1,0.00,0.00,20679.16,20679.16,outside the killzone window
798,2025.11.05 06:00:00,2025.11.05 08:30:00,SKIP,XAUUSD,M5,161,FLAT,NA,DAY,0,0.00,0.00,0.00,0.00,1.00,0.00,0.00,0.00,0.00,0.00,0.00,0.00,0.00,0.00,0.00,0.00,0.00,0.00,3947.33,3947.10,3955.19,3946.77,3946.82,-2.220,3.65,68.35,66.99,66.99,5.22,4.40,0.81,3942.99,3960.90,434,689,85.7,0.0,5,1,CROSS=EMA9>EMA21;TREND=1;STRUCT=1;VOL=1;COOL=1;EMA50=1;VWAP=1;BIAS=1,0.00,0.00,20679.16,20679.16,already positioned that way
799,2025.11.06 02:05:00,2025.11.06 04:35:00,SKIP,XAUUSD,M5,161,FLAT,NA,DAY,0,0.00,0.00,0.00,0.00,1.00,0.00,0.00,0.00,0.00,0.00,0.00,0.00,0.00,0.00,0.00,0.00,0.00,0.00,3978.59,3978.62,3975.31,3978.89,3978.77,0.860,3.85,23.40,37.67,37.67,-2.50,-3.13,0.63,3972.28,3971.32,523,418,14.3,71.4,5,1,CROSS=EMA9>EMA21;TREND=1;STRUCT=1;VOL=1;COOL=1;EMA50=1;VWAP=1;BIAS=1,0.00,0.00,20679.16,20679.16,outside the killzone window
800,2025.11.06 05:10:00,2025.11.06 07:40:00,SKIP,XAUUSD,M5,161,FLAT,NA,DAY,0,0.00,0.00,0.00,0.00,1.00,0.00,0.00,0.00,0.00,0.00,0.00,0.00,0.00,0.00,0.00,0.00,0.00,0.00,3977.41,3977.40,3975.49,3977.26,3977.32,0.591,3.22,31.59,57.17,57.17,2.22,2.04,0.18,3974.62,3981.14,595,581,100.0,0.0,5,1,CROSS=EMA9>EMA21;TREND=1;STRUCT=1;VOL=1;COOL=1;EMA50=1;VWAP=1;BIAS=1,0.00,0.00,20679.16,20679.16,already positioned that way
801,2025.11.06 17:25:00,2025.11.06 19:55:00,SKIP,XAUUSD,M5,161,FLAT,NA,EVENING,0,0.00,0.00,0.00,0.00,1.00,0.00,0.00,0.00,0.00,0.00,0.00,0.00,0.00,0.00,0.00,0.00,0.00,0.00,4002.38,4002.58,3996.95,4002.91,4002.85,0.810,6.96,40.59,38.78,38.78,-6.32,-5.19,-1.13,3995.41,3989.57,1227,1082,14.3,85.7,5,1,CROSS=EMA9>EMA21;TREND=1;STRUCT=1;VOL=1;COOL=1;EMA50=1;VWAP=1;BIAS=1,0.00,0.00,20679.16,20679.16,outside the killzone window
802,2025.11.07 03:25:00,2025.11.07 05:55:00,SKIP,XAUUSD,M5,161,FLAT,NA,DAY,0,0.00,0.00,0.00,0.00,1.00,0.00,0.00,0.00,0.00,0.00,0.00,0.00,0.00,0.00,0.00,0.00,0.00,0.00,3988.39,3988.33,3989.44,3987.94,3988.11,-0.383,2.90,33.48,72.76,72.76,3.48,2.49,0.99,3990.25,3999.41,752,481,85.7,14.3,5,1,CROSS=EMA9>EMA21;TREND=1;STRUCT=1;VOL=1;COOL=1;EMA50=1;VWAP=1;BIAS=1,0.00,0.00,20679.16,20679.16,already positioned that way
803,2025.11.07 15:35:00,2025.11.07 18:05:00,SKIP,XAUUSD,M5,161,FLAT,NA,EVENING,0,0.00,0.00,0.00,0.00,1.00,0.00,0.00,0.00,0.00,0.00,0.00,0.00,0.00,0.00,0.00,0.00,0.00,0.00,4001.21,4001.23,3998.84,4001.46,4001.35,0.537,4.45,26.38,41.34,41.34,-1.82,-2.09,0.27,3999.40,3995.13,721,734,14.3,71.4,8,1,CROSS=EMA9>EMA21;TREND=1;STRUCT=1;VOL=1;COOL=1;EMA50=1;VWAP=1;BIAS=1,0.00,0.00,20679.16,20679.16,outside the killzone window
804,2025.11.07 18:45:00,2025.11.07 21:15:00,SKIP,XAUUSD,M5,161,FLAT,NA,EVENING,0,0.00,0.00,0.00,0.00,1.00,0.00,0.00,0.00,0.00,0.00,0.00,0.00,0.00,0.00,0.00,0.00,0.00,0.00,3999.62,3999.60,3998.49,3998.75,3999.16,0.181,6.11,41.88,69.91,69.91,5.87,1.52,4.35,3998.77,4020.92,1357,1065,85.7,14.3,5,1,CROSS=EMA9>EMA21;TREND=1;STRUCT=1;VOL=1;COOL=1;EMA50=1;VWAP=1;BIAS=1,0.00,0.00,20679.16,20679.16,outside the killzone window
805,2025.11.10 01:00:00,2025.11.10 03:30:00,WEEK_SUMMARY,XAUUSD,M5,161,FLAT,NA,DAY,0,0.00,0.00,0.00,0.00,1.00,0.00,0.00,0.00,0.00,0.00,0.00,0.00,0.00,0.00,0.00,0.00,-1.00,-99.80,4002.27,4001.94,4000.61,4002.33,4001.96,0.636,2.08,30.83,46.70,46.70,-0.76,-0.60,-0.16,3999.94,4000.84,66,483,28.6,57.1,5,1,CROSS=EMA9>EMA21;TREND=1;STRUCT=1;VOL=1;COOL=1;EMA50=1;VWAP=1;BIAS=1,0.00,0.00,20679.16,20679.16,days=1 trades=1 W=0 L=1 gross_profit=0.00 gross_loss=99.80 net=-99.80 PF=0.00 pips=-991.0
806,2025.11.11 17:05:00,2025.11.11 19:35:00,SKIP,XAUUSD,M5,161,FLAT,NA,EVENING,0,0.00,0.00,0.00,0.00,1.00,0.00,0.00,0.00,0.00,0.00,0.00,0.00,0.00,0.00,0.00,0.00,0.00,0.00,4136.20,4136.39,4129.70,4136.71,4136.64,1.137,5.88,41.87,36.57,36.57,-4.41,-2.89,-1.52,4135.12,4123.75,1265,1067,0.0,100.0,7,1,CROSS=EMA9>EMA21;TREND=1;STRUCT=1;VOL=1;COOL=1;EMA50=1;VWAP=1;BIAS=1,0.00,0.00,20679.16,20679.16,outside the killzone window
807,2025.11.11 23:45:00,2025.11.12 02:15:00,SKIP,XAUUSD,M5,161,FLAT,NA,DAY,0,0.00,0.00,0.00,0.00,1.00,0.00,0.00,0.00,0.00,0.00,0.00,0.00,0.00,0.00,0.00,0.00,0.00,0.00,4123.77,4123.73,4123.80,4123.58,4123.63,-0.035,2.27,26.50,58.25,58.25,2.09,2.89,-0.80,4129.16,4128.54,139,513,57.1,28.6,11,1,CROSS=EMA9>EMA21;TREND=1;STRUCT=1;VOL=1;COOL=1;EMA50=1;VWAP=1;BIAS=1,0.00,0.00,20679.16,20679.16,outside the killzone window
808,2025.11.12 05:40:00,2025.11.12 08:10:00,ENTRY,XAUUSD,M5,163,SELL,FULLTGT,DAY,0,4119.77,4127.28,4127.28,7.51,1.00,7.51,4112.26,4104.74,4097.23,4089.71,4082.20,0.13,0.13,0.13,4119.77,0.00,0.00,0.00,4128.68,4128.82,4127.45,4129.05,4129.00,0.362,3.76,52.49,34.16,34.16,-3.58,-3.40,-0.18,4132.45,4119.77,503,716,0.0,85.7,7,1,CROSS=EMA9<EMA21;TREND=1;STRUCT=1;VOL=1;COOL=1;EMA50=1;VWAP=1;BIAS=1,0.00,0.00,20678.70,20677.79,KZ=ASIA; KZR=Asia H @ 4018.52 1284 bars ago (high taken); DAY 12AM-4PM IST session: stop x1.00 of usual; no partials; full size to TP5; SL steps BE->TP1->TP2->TP3
809,2025.11.12 05:55:37,2025.11.12 08:25:37,TP1_REACHED,XAUUSD,M5,163,SELL,FULLTGT,DAY,0,4119.77,4127.28,4127.28,7.51,1.00,7.51,4112.26,4104.74,4097.23,4089.71,4082.20,0.13,0.00,0.13,4112.26,1.00,1.00,0.00,4127.37,4128.13,4127.15,4127.94,4128.43,0.287,3.43,52.80,26.54,26.54,-4.00,-3.56,-0.44,4131.78,4113.48,844,709,0.0,100.0,7,1,CROSS=EMA9<EMA21;TREND=1;STRUCT=1;VOL=1;COOL=1;EMA50=1;VWAP=1;BIAS=1,1.00,-0.23,20678.70,20776.46,full target: no partial booked
810,2025.11.12 06:06:37,2025.11.12 08:36:37,TP2_REACHED,XAUUSD,M5,163,SELL,FULLTGT,DAY,0,4119.77,4127.28,4127.28,7.51,1.00,7.51,4112.26,4104.74,4097.23,4089.71,4082.20,0.13,0.00,0.13,4104.74,2.00,2.00,0.00,4126.03,4127.42,4126.81,4126.76,4127.81,0.182,3.36,58.37,21.40,21.40,-4.92,-3.83,-1.09,4131.02,4108.11,789,744,0.0,100.0,7,1,CROSS=EMA9<EMA21;TREND=1;STRUCT=1;VOL=1;COOL=1;EMA50=1;VWAP=1;BIAS=1,2.00,-0.23,20678.70,20874.48,full target: no partial booked
811,2025.11.12 10:24:00,2025.11.12 12:54:00,EXIT_SL,XAUUSD,M5,163,SELL,FULLTGT,DAY,0,4119.77,4127.28,4127.28,7.51,1.00,7.51,4112.26,4104.74,4097.23,4089.71,4082.20,0.13,0.13,0.00,4127.29,0.00,-1.00,-98.68,4116.59,4118.81,4121.41,4116.36,4118.74,-0.664,3.92,20.63,59.03,59.03,1.31,1.63,-0.32,4122.34,4122.21,952,733,42.9,42.9,7,1,CROSS=EMA9<EMA21;TREND=1;STRUCT=1;VOL=1;COOL=1;EMA50=1;VWAP=1;BIAS=1,2.78,-1.00,20580.48,20580.48,stopped at the initial SL (x1.00 of usual)
812,2025.11.12 11:10:00,2025.11.12 13:40:00,SKIP,XAUUSD,M5,163,FLAT,NA,DAY,0,0.00,0.00,0.00,0.00,1.00,0.00,0.00,0.00,0.00,0.00,0.00,0.00,0.00,0.00,0.00,0.00,0.00,0.00,4120.98,4120.81,4122.21,4120.60,4120.62,-0.354,3.96,32.58,63.15,63.15,3.99,3.57,0.43,4122.92,4130.24,539,733,85.7,0.0,7,1,CROSS=EMA9<EMA21;TREND=1;STRUCT=1;VOL=1;COOL=1;EMA50=1;VWAP=1;BIAS=1,0.00,0.00,20580.48,20580.48,outside the killzone window
813,2025.11.13 01:00:00,2025.11.13 03:30:00,DAY_SUMMARY,XAUUSD,M5,163,FLAT,NA,DAY,0,0.00,0.00,0.00,0.00,1.00,0.00,0.00,0.00,0.00,0.00,0.00,0.00,0.00,0.00,0.00,0.00,-1.00,-98.68,4194.25,4182.97,4164.94,4194.20,4182.72,5.770,3.12,19.83,47.28,47.28,-0.04,-0.32,0.28,4149.96,4195.32,233,573,42.9,28.6,9,1,CROSS=EMA9<EMA21;TREND=1;STRUCT=1;VOL=1;COOL=1;EMA50=1;VWAP=1;BIAS=1,0.00,0.00,20580.48,20580.48,2025.11.12 trades=1 W=0 L=1 gross_profit=0.00 gross_loss=98.68 net=-98.68 PF=0.00
814,2025.11.13 17:00:00,2025.11.13 19:30:00,SKIP,XAUUSD,M5,163,FLAT,NA,EVENING,0,0.00,0.00,0.00,0.00,1.00,0.00,0.00,0.00,0.00,0.00,0.00,0.00,0.00,0.00,0.00,0.00,0.00,0.00,4221.37,4221.55,4211.76,4222.42,4222.08,1.017,9.63,40.50,32.62,32.62,-9.72,-6.21,-3.51,4213.41,4195.71,1455,1252,14.3,85.7,7,1,CROSS=EMA9<EMA21;TREND=1;STRUCT=1;VOL=1;COOL=1;EMA50=1;VWAP=1;BIAS=1,0.00,0.00,20580.48,20580.48,outside the killzone window
815,2025.11.14 04:50:00,2025.11.14 07:20:00,ENTRY,XAUUSD,M5,165,BUY,FULLTGT,DAY,0,4205.61,4196.27,4196.27,9.34,1.00,9.34,4214.95,4224.29,4233.63,4242.98,4252.32,0.11,0.11,0.11,4205.61,0.00,0.00,0.00,4187.25,4186.93,4191.27,4186.51,4186.56,-0.930,4.67,61.38,70.98,70.98,5.68,4.00,1.68,4186.88,4205.47,979,992,85.7,0.0,7,1,CROSS=EMA9>EMA21;TREND=1;STRUCT=1;VOL=1;COOL=1;EMA50=1;VWAP=1;BIAS=1,0.00,0.00,20580.09,20579.32,KZ=ASIA; KZR=Asia H @ 4219.44 226 bars ago (high taken); DAY 12AM-4PM IST session: stop x1.00 of usual; no partials; full size to TP5; SL steps BE->TP1->TP2->TP3
816,2025.11.14 07:09:27,2025.11.14 09:39:27,EXIT_SL,XAUUSD,M5,165,BUY,FULLTGT,DAY,0,4205.61,4196.27,4196.27,9.34,1.00,9.34,4214.95,4224.29,4233.63,4242.98,4252.32,0.11,0.11,0.00,4196.26,0.00,-1.00,-103.63,4198.00,4194.02,4194.32,4197.95,4193.91,-0.089,3.29,39.66,46.08,46.08,0.29,0.78,-0.49,4192.85,4199.45,645,641,42.9,57.1,7,1,CROSS=EMA9>EMA21;TREND=1;STRUCT=1;VOL=1;COOL=1;EMA50=1;VWAP=1;BIAS=1,0.61,-0.99,20476.85,20476.85,stopped at the initial SL (x1.00 of usual)
817,2025.11.14 08:50:00,2025.11.14 11:20:00,SKIP,XAUUSD,M5,165,FLAT,NA,DAY,0,0.00,0.00,0.00,0.00,1.00,0.00,0.00,0.00,0.00,0.00,0.00,0.00,0.00,0.00,0.00,0.00,0.00,0.00,4191.44,4191.63,4192.99,4192.19,4192.00,-0.273,5.00,49.83,26.25,26.25,-5.10,-3.80,-1.30,4191.47,4173.22,985,914,0.0,100.0,7,1,CROSS=EMA9>EMA21;TREND=1;STRUCT=1;VOL=1;COOL=1;EMA50=1;VWAP=1;BIAS=1,0.00,0.00,20476.85,20476.85,outside the killzone window
818,2025.11.17 01:00:00,2025.11.17 03:30:00,DAY_SUMMARY,XAUUSD,M5,165,FLAT,NA,DAY,0,0.00,0.00,0.00,0.00,1.00,0.00,0.00,0.00,0.00,0.00,0.00,0.00,0.00,0.00,0.00,0.00,-1.00,-103.63,4088.05,4096.12,4116.41,4088.17,4096.34,-5.281,3.84,17.81,49.79,49.79,-2.06,-2.61,0.55,4133.87,4085.10,75,591,14.3,57.1,8,1,CROSS=EMA9>EMA21;TREND=1;STRUCT=1;VOL=1;COOL=1;EMA50=1;VWAP=1;BIAS=1,0.00,0.00,20476.85,20476.85,2025.11.14 trades=1 W=0 L=1 gross_profit=0.00 gross_loss=103.63 net=-103.63 PF=0.00
819,2025.11.17 01:00:00,2025.11.17 03:30:00,WEEK_SUMMARY,XAUUSD,M5,165,FLAT,NA,DAY,0,0.00,0.00,0.00,0.00,1.00,0.00,0.00,0.00,0.00,0.00,0.00,0.00,0.00,0.00,0.00,0.00,-2.00,-202.31,4088.05,4096.12,4116.41,4088.17,4096.34,-5.281,3.84,17.81,49.79,49.79,-2.06,-2.61,0.55,4133.87,4085.10,75,591,14.3,57.1,8,1,CROSS=EMA9>EMA21;TREND=1;STRUCT=1;VOL=1;COOL=1;EMA50=1;VWAP=1;BIAS=1,0.00,0.00,20476.85,20476.85,days=2 trades=2 W=0 L=2 gross_profit=0.00 gross_loss=202.31 net=-202.31 PF=0.00 pips=-1687.0
820,2025.11.18 11:55:00,2025.11.18 14:25:00,SKIP,XAUUSD,M5,165,FLAT,NA,DAY,0,0.00,0.00,0.00,0.00,1.00,0.00,0.00,0.00,0.00,0.00,0.00,0.00,0.00,0.00,0.00,0.00,0.00,0.00,4026.21,4026.00,4035.19,4025.55,4025.67,-1.866,4.92,20.10,65.52,65.52,4.94,5.46,-0.52,4024.35,4042.42,806,823,57.1,14.3,7,1,CROSS=EMA9>EMA21;TREND=1;STRUCT=1;VOL=1;COOL=1;EMA50=1;VWAP=1;BIAS=1,0.00,0.00,20476.85,20476.85,outside the killzone window
821,2025.11.19 18:50:00,2025.11.19 21:20:00,SKIP,XAUUSD,M5,165,FLAT,NA,EVENING,0,0.00,0.00,0.00,0.00,1.00,0.00,0.00,0.00,0.00,0.00,0.00,0.00,0.00,0.00,0.00,0.00,0.00,0.00,4101.91,4102.04,4093.99,4103.08,4102.62,0.853,9.44,65.79,29.16,29.16,-10.87,-8.33,-2.55,4093.64,4073.17,1359,1383,0.0,85.7,7,1,CROSS=EMA9>EMA21;TREND=1;STRUCT=1;VOL=1;COOL=1;EMA50=1;VWAP=1;BIAS=1,0.00,0.00,20476.85,20476.85,outside the killzone window
822,2025.11.20 02:20:00,2025.11.20 04:50:00,SKIP,XAUUSD,M5,165,FLAT,NA,DAY,0,0.00,0.00,0.00,0.00,1.00,0.00,0.00,0.00,0.00,0.00,0.00,0.00,0.00,0.00,0.00,0.00,0.00,0.00,4088.12,4087.78,4087.65,4087.33,4087.39,0.029,4.81,43.42,71.67,71.67,7.45,6.04,1.41,4097.90,4107.53,549,549,85.7,0.0,7,1,CROSS=EMA9>EMA21;TREND=1;STRUCT=1;VOL=1;COOL=1;EMA50=1;VWAP=1;BIAS=1,0.00,0.00,20476.85,20476.85,outside the killzone window
823,2025.11.20 04:20:00,2025.11.20 06:50:00,ENTRY,XAUUSD,M5,167,SELL,FULLTGT,DAY,0,4050.67,4066.10,4066.10,15.43,1.00,15.43,4035.24,4019.80,4004.37,3988.93,3973.50,0.06,0.06,0.06,4050.67,0.00,0.00,0.00,4088.49,4088.89,4088.50,4090.04,4089.67,0.051,7.72,46.64,16.04,16.04,-8.85,-3.14,-5.71,4092.42,4050.65,1359,993,0.0,100.0,7,1,CROSS=EMA9<EMA21;TREND=1;STRUCT=1;VOL=1;COOL=1;EMA50=1;VWAP=1;BIAS=1,0.00,0.00,20476.64,20476.22,KZ=ASIA; KZR=Asia L @ 4004.90 517 bars ago (low taken); DAY 12AM-4PM IST session: stop x1.00 of usual; no partials; full size to TP5; SL steps BE->TP1->TP2->TP3
824,2025.11.20 04:49:38,2025.11.20 07:19:38,EXIT_SL,XAUUSD,M5,167,SELL,FULLTGT,DAY,0,4050.67,4066.10,4066.10,15.43,1.00,15.43,4035.24,4019.80,4004.37,3988.93,3973.50,0.06,0.06,0.00,4066.12,0.00,-1.00,-93.12,4082.68,4085.80,4086.93,4083.55,4086.29,-0.139,8.18,39.18,32.95,32.95,-11.01,-8.82,-2.19,4087.01,4061.42,916,1066,0.0,85.7,7,1,CROSS=EMA9<EMA21;TREND=1;STRUCT=1;VOL=1;COOL=1;EMA50=1;VWAP=1;BIAS=1,0.50,-1.00,20383.73,20383.73,stopped at the initial SL (x1.00 of usual)
825,2025.11.20 15:10:00,2025.11.20 17:40:00,SKIP,XAUUSD,M5,167,FLAT,NA,EVENING,0,0.00,0.00,0.00,0.00,1.00,0.00,0.00,0.00,0.00,0.00,0.00,0.00,0.00,0.00,0.00,0.00,0.00,0.00,4068.44,4068.16,4072.28,4067.51,4067.70,-0.740,5.57,65.43,74.30,74.30,6.43,4.60,1.83,4072.14,4091.13,1239,765,100.0,0.0,7,1,CROSS=EMA9<EMA21;TREND=1;STRUCT=1;VOL=1;COOL=1;EMA50=1;VWAP=1;BIAS=1,0.00,0.00,20383.73,20383.73,outside the killzone window
826,2025.11.20 19:10:00,2025.11.20 21:40:00,SKIP,XAUUSD,M5,167,FLAT,NA,EVENING,0,0.00,0.00,0.00,0.00,1.00,0.00,0.00,0.00,0.00,0.00,0.00,0.00,0.00,0.00,0.00,0.00,0.00,0.00,4073.41,4073.65,4074.61,4074.31,4074.10,-0.109,8.71,44.69,33.66,33.66,-8.47,-6.27,-2.20,4074.43,4051.49,1546,1400,14.3,85.7,7,1,CROSS=EMA9<EMA21;TREND=1;STRUCT=1;VOL=1;COOL=1;EMA50=1;VWAP=1;BIAS=1,0.00,0.00,20383.73,20383.73,outside the killzone window
827,2025.11.20 22:05:00,2025.11.21 00:35:00,SKIP,XAUUSD,M5,167,FLAT,NA,DAY,0,0.00,0.00,0.00,0.00,1.00,0.00,0.00,0.00,0.00,0.00,0.00,0.00,0.00,0.00,0.00,0.00,0.00,0.00,4071.15,4071.10,4072.55,4070.71,4070.88,-0.273,5.33,43.38,63.30,63.30,5.43,4.38,1.05,4072.84,4082.03,1117,1160,85.7,0.0,7,1,CROSS=EMA9<EMA21;TREND=1;STRUCT=1;VOL=1;COOL=1;EMA50=1;VWAP=1;BIAS=1,0.00,0.00,20383.73,20383.73,outside the killzone window
828,2025.11.21 01:00:00,2025.11.21 03:30:00,DAY_SUMMARY,XAUUSD,M5,167,FLAT,NA,DAY,0,0.00,0.00,0.00,0.00,1.00,0.00,0.00,0.00,0.00,0.00,0.00,0.00,0.00,0.00,0.00,0.00,-1.00,-93.12,4075.14,4073.55,4073.62,4075.06,4073.48,-0.025,2.62,12.27,50.63,50.63,0.82,1.31,-0.49,4073.09,4077.20,156,550,57.1,14.3,11,1,CROSS=EMA9<EMA21;TREND=1;STRUCT=1;VOL=1;COOL=1;EMA50=1;VWAP=1;BIAS=1,0.00,0.00,20383.73,20383.73,2025.11.20 trades=1 W=0 L=1 gross_profit=0.00 gross_loss=93.12 net=-93.12 PF=0.00
829,2025.11.21 03:35:00,2025.11.21 06:05:00,SKIP,XAUUSD,M5,167,FLAT,NA,DAY,0,0.00,0.00,0.00,0.00,1.00,0.00,0.00,0.00,0.00,0.00,0.00,0.00,0.00,0.00,0.00,0.00,0.00,0.00,4073.85,4073.95,4073.98,4074.31,4074.19,-0.005,4.68,34.27,34.42,34.42,-4.11,-2.67,-1.44,4074.08,4062.45,812,659,14.3,85.7,7,1,CROSS=EMA9<EMA21;TREND=1;STRUCT=1;VOL=1;COOL=1;EMA50=1;VWAP=1;BIAS=1,0.00,0.00,20383.73,20383.73,already positioned that way
830,2025.11.21 15:25:00,2025.11.21 17:55:00,SKIP,XAUUSD,M5,167,FLAT,NA,EVENING,0,0.00,0.00,0.00,0.00,1.00,0.00,0.00,0.00,0.00,0.00,0.00,0.00,0.00,0.00,0.00,0.00,0.00,0.00,4049.41,4049.14,4054.15,4048.74,4048.80,-0.668,7.50,45.45,64.06,64.06,6.42,5.89,0.53,4052.44,4065.80,1345,1131,100.0,0.0,7,1,CROSS=EMA9<EMA21;TREND=1;STRUCT=1;VOL=1;COOL=1;EMA50=1;VWAP=1;BIAS=1,0.00,0.00,20383.73,20383.73,outside the killzone window
831,2025.11.24 01:00:00,2025.11.24 03:30:00,WEEK_SUMMARY,XAUUSD,M5,167,FLAT,NA,DAY,0,0.00,0.00,0.00,0.00,1.00,0.00,0.00,0.00,0.00,0.00,0.00,0.00,0.00,0.00,0.00,0.00,-1.00,-93.12,4071.71,4071.11,4067.57,4071.97,4071.22,0.804,4.39,24.77,44.83,44.83,-3.22,-4.82,1.59,4062.10,4065.26,80,722,42.9,28.6,8,1,CROSS=EMA9<EMA21;TREND=1;STRUCT=1;VOL=1;COOL=1;EMA50=1;VWAP=1;BIAS=1,0.00,0.00,20383.73,20383.73,days=1 trades=1 W=0 L=1 gross_profit=0.00 gross_loss=93.12 net=-93.12 PF=0.00 pips=-1545.0
832,2025.11.24 02:20:00,2025.11.24 04:50:00,SKIP,XAUUSD,M5,167,FLAT,NA,DAY,0,0.00,0.00,0.00,0.00,1.00,0.00,0.00,0.00,0.00,0.00,0.00,0.00,0.00,0.00,0.00,0.00,0.00,0.00,4070.57,4070.67,4067.88,4070.91,4070.84,0.556,5.02,24.62,40.08,40.08,-1.17,-0.01,-1.15,4069.65,4062.07,462,489,0.0,71.4,7,1,CROSS=EMA9<EMA21;TREND=1;STRUCT=1;VOL=1;COOL=1;EMA50=1;VWAP=1;BIAS=1,0.00,0.00,20383.73,20383.73,outside the killzone window
833,2025.11.24 10:50:00,2025.11.24 13:20:00,SKIP,XAUUSD,M5,167,FLAT,NA,DAY,0,0.00,0.00,0.00,0.00,1.00,0.00,0.00,0.00,0.00,0.00,0.00,0.00,0.00,0.00,0.00,0.00,0.00,0.00,4056.81,4056.70,4058.88,4056.47,4056.53,-0.517,4.22,22.74,61.89,61.89,2.68,2.80,-0.11,4054.77,4065.14,749,676,71.4,14.3,8,1,CROSS=EMA9<EMA21;TREND=1;STRUCT=1;VOL=1;COOL=1;EMA50=1;VWAP=1;BIAS=1,0.00,0.00,20383.73,20383.73,outside the killzone window
834,2025.11.25 11:10:00,2025.11.25 13:40:00,SKIP,XAUUSD,M5,167,FLAT,NA,DAY,0,0.00,0.00,0.00,0.00,1.00,0.00,0.00,0.00,0.00,0.00,0.00,0.00,0.00,0.00,0.00,0.00,0.00,0.00,4135.34,4135.39,4125.29,4135.83,4135.63,1.770,5.71,35.61,39.46,39.46,-5.40,-3.99,-1.41,4138.75,4123.32,841,850,0.0,85.7,7,1,CROSS=EMA9<EMA21;TREND=1;STRUCT=1;VOL=1;COOL=1;EMA50=1;VWAP=1;BIAS=1,0.00,0.00,20383.73,20383.73,outside the killzone window
835,2025.11.25 15:35:00,2025.11.25 18:05:00,SKIP,XAUUSD,M5,167,FLAT,NA,EVENING,0,0.00,0.00,0.00,0.00,1.00,0.00,0.00,0.00,0.00,0.00,0.00,0.00,0.00,0.00,0.00,0.00,0.00,0.00,4133.88,4133.79,4128.28,4133.48,4133.59,0.873,6.32,40.79,62.32,62.32,2.55,0.42,2.14,4136.72,4143.71,1048,935,100.0,0.0,8,1,CROSS=EMA9<EMA21;TREND=1;STRUCT=1;VOL=1;COOL=1;EMA50=1;VWAP=1;BIAS=1,0.00,0.00,20383.73,20383.73,outside the killzone window
836,2025.11.25 17:00:00,2025.11.25 19:30:00,SKIP,XAUUSD,M5,167,FLAT,NA,EVENING,0,0.00,0.00,0.00,0.00,1.00,0.00,0.00,0.00,0.00,0.00,0.00,0.00,0.00,0.00,0.00,0.00,0.00,0.00,4134.00,4134.17,4129.43,4134.35,4134.35,0.652,7.28,41.24,41.39,41.39,-3.97,-0.72,-3.25,4136.37,4125.42,1217,1140,14.3,85.7,5,1,CROSS=EMA9<EMA21;TREND=1;STRUCT=1;VOL=1;COOL=1;EMA50=1;VWAP=1;BIAS=1,0.00,0.00,20383.73,20383.73,outside the killzone window
837,2025.11.25 19:05:00,2025.11.25 21:35:00,SKIP,XAUUSD,M5,167,FLAT,NA,EVENING,0,0.00,0.00,0.00,0.00,1.00,0.00,0.00,0.00,0.00,0.00,0.00,0.00,0.00,0.00,0.00,0.00,0.00,0.00,4133.84,4133.74,4130.16,4133.29,4133.46,0.620,5.77,17.20,63.77,63.77,2.58,1.48,1.09,4135.67,4147.36,1528,1025,85.7,0.0,7,1,CROSS=EMA9<EMA21;TREND=1;STRUCT=1;VOL=1;COOL=1;EMA50=1;VWAP=1;BIAS=1,0.00,0.00,20383.73,20383.73,outside the killzone window
838,2025.11.25 22:50:00,2025.11.26 01:20:00,SKIP,XAUUSD,M5,167,FLAT,NA,DAY,0,0.00,0.00,0.00,0.00,1.00,0.00,0.00,0.00,0.00,0.00,0.00,0.00,0.00,0.00,0.00,0.00,0.00,0.00,4136.56,4136.58,4133.48,4136.75,4136.67,0.923,3.35,22.97,42.57,42.57,-1.38,-1.60,0.22,4136.69,4131.98,640,753,14.3,57.1,7,1,CROSS=EMA9<EMA21;TREND=1;STRUCT=1;VOL=1;COOL=1;EMA50=1;VWAP=1;BIAS=1,0.00,0.00,20383.73,20383.73,outside the killzone window
839,2025.11.26 02:50:00,2025.11.26 05:20:00,SKIP,XAUUSD,M5,167,FLAT,NA,DAY,0,0.00,0.00,0.00,0.00,1.00,0.00,0.00,0.00,0.00,0.00,0.00,0.00,0.00,0.00,0.00,0.00,0.00,0.00,4135.61,4135.61,4133.75,4135.57,4135.59,0.641,2.90,28.15,51.17,51.17,1.66,1.51,0.15,4136.55,4136.67,437,373,85.7,14.3,5,1,CROSS=EMA9<EMA21;TREND=1;STRUCT=1;VOL=1;COOL=1;EMA50=1;VWAP=1;BIAS=1,0.00,0.00,20383.73,20383.73,outside the killzone window
840,2025.11.26 16:25:00,2025.11.26 18:55:00,SKIP,XAUUSD,M5,167,FLAT,NA,EVENING,0,0.00,0.00,0.00,0.00,1.00,0.00,0.00,0.00,0.00,0.00,0.00,0.00,0.00,0.00,0.00,0.00,0.00,0.00,4158.48,4158.67,4154.58,4159.03,4158.95,0.693,5.90,17.65,33.31,33.31,-4.06,-2.78,-1.28,4157.42,4145.02,867,990,0.0,71.4,7,1,CROSS=EMA9<EMA21;TREND=1;STRUCT=1;VOL=1;COOL=1;EMA50=1;VWAP=1;BIAS=1,0.00,0.00,20383.73,20383.73,outside the killzone window
841,2025.11.26 18:35:00,2025.11.26 21:05:00,SKIP,XAUUSD,M5,167,FLAT,NA,EVENING,0,0.00,0.00,0.00,0.00,1.00,0.00,0.00,0.00,0.00,0.00,0.00,0.00,0.00,0.00,0.00,0.00,0.00,0.00,4158.06,4157.97,4155.02,4157.86,4157.87,0.791,3.73,42.46,58.45,58.45,2.57,2.51,0.06,4156.98,4163.02,715,1077,85.7,0.0,7,1,CROSS=EMA9<EMA21;TREND=1;STRUCT=1;VOL=1;COOL=1;EMA50=1;VWAP=1;BIAS=1,0.00,0.00,20383.73,20383.73,outside the killzone window
842,2025.11.27 03:25:00,2025.11.27 05:55:00,SKIP,XAUUSD,M5,167,FLAT,NA,DAY,0,0.00,0.00,0.00,0.00,1.00,0.00,0.00,0.00,0.00,0.00,0.00,0.00,0.00,0.00,0.00,0.00,0.00,0.00,4163.26,4163.28,4160.90,4163.79,4163.55,0.797,2.99,28.76,21.88,21.88,-2.80,-0.88,-1.92,4162.24,4150.30,1087,545,0.0,100.0,7,1,CROSS=EMA9<EMA21;TREND=1;STRUCT=1;VOL=1;COOL=1;EMA50=1;VWAP=1;BIAS=1,0.00,0.00,20383.73,20383.73,already positioned that way
843,2025.11.27 10:15:00,2025.11.27 12:45:00,SKIP,XAUUSD,M5,167,FLAT,NA,DAY,0,0.00,0.00,0.00,0.00,1.00,0.00,0.00,0.00,0.00,0.00,0.00,0.00,0.00,0.00,0.00,0.00,0.00,0.00,4156.15,4156.02,4156.75,4155.86,4155.87,-0.278,2.60,30.99,66.56,66.56,2.21,2.06,0.15,4154.90,4163.34,706,750,85.7,0.0,7,1,CROSS=EMA9<EMA21;TREND=1;STRUCT=1;VOL=1;COOL=1;EMA50=1;VWAP=1;BIAS=1,0.00,0.00,20383.73,20383.73,outside the killzone window
844,2025.11.27 15:10:00,2025.11.27 17:40:00,SKIP,XAUUSD,M5,167,FLAT,NA,EVENING,0,0.00,0.00,0.00,0.00,1.00,0.00,0.00,0.00,0.00,0.00,0.00,0.00,0.00,0.00,0.00,0.00,0.00,0.00,4156.97,4156.97,4157.13,4157.24,4157.11,-0.063,2.45,24.69,32.06,32.06,-1.14,-0.26,-0.88,4155.81,4150.39,814,454,0.0,85.7,10,1,CROSS=EMA9<EMA21;TREND=1;STRUCT=1;VOL=1;COOL=1;EMA50=1;VWAP=1;BIAS=1,0.00,0.00,20383.73,20383.73,outside the killzone window
845,2025.11.27 17:30:00,2025.11.27 20:00:00,SKIP,XAUUSD,M5,167,FLAT,NA,EVENING,0,0.00,0.00,0.00,0.00,1.00,0.00,0.00,0.00,0.00,0.00,0.00,0.00,0.00,0.00,0.00,0.00,0.00,0.00,4156.90,4156.84,4156.98,4156.73,4156.75,-0.055,2.67,24.85,62.67,62.67,0.74,0.21,0.53,4155.84,4161.13,586,627,71.4,0.0,5,1,CROSS=EMA9<EMA21;TREND=1;STRUCT=1;VOL=1;COOL=1;EMA50=1;VWAP=1;BIAS=1,0.00,0.00,20383.73,20383.73,outside the killzone window
846,2025.11.27 18:35:00,2025.11.27 21:05:00,SKIP,XAUUSD,M5,167,FLAT,NA,EVENING,0,0.00,0.00,0.00,0.00,1.00,0.00,0.00,0.00,0.00,0.00,0.00,0.00,0.00,0.00,0.00,0.00,0.00,0.00,4156.79,4156.82,4156.97,4156.87,4156.86,-0.070,2.08,37.00,43.75,43.75,-0.65,0.07,-0.71,4155.89,4154.85,409,487,0.0,85.7,8,1,CROSS=EMA9<EMA21;TREND=1;STRUCT=1;VOL=1;COOL=1;EMA50=1;VWAP=1;BIAS=1,0.00,0.00,20383.73,20383.73,outside the killzone window
847,2025.11.27 20:10:00,2025.11.27 22:40:00,SKIP,XAUUSD,M5,167,FLAT,NA,EVENING,0,0.00,0.00,0.00,0.00,1.00,0.00,0.00,0.00,0.00,0.00,0.00,0.00,0.00,0.00,0.00,0.00,0.00,0.00,4156.79,4156.78,4156.91,4156.75,4156.75,-0.118,1.11,34.37,55.68,55.68,0.44,0.14,0.30,4155.92,4157.94,143,258,85.7,0.0,5,1,CROSS=EMA9<EMA21;TREND=1;STRUCT=1;VOL=1;COOL=1;EMA50=1;VWAP=1;BIAS=1,0.00,0.00,20383.73,20383.73,outside the killzone window
848,2025.11.27 20:25:00,2025.11.27 22:55:00,SKIP,XAUUSD,M5,167,FLAT,NA,EVENING,0,0.00,0.00,0.00,0.00,1.00,0.00,0.00,0.00,0.00,0.00,0.00,0.00,0.00,0.00,0.00,0.00,0.00,0.00,4156.76,4156.76,4156.90,4156.78,4156.77,-0.113,1.18,24.56,46.93,46.93,0.18,0.29,-0.11,4155.92,4156.29,293,266,28.6,57.1,5,1,CROSS=EMA9<EMA21;TREND=1;STRUCT=1;VOL=1;COOL=1;EMA50=1;VWAP=1;BIAS=1,0.00,0.00,20383.73,20383.73,outside the killzone window
849,2025.11.27 20:45:00,2025.11.27 23:15:00,SKIP,XAUUSD,M5,167,FLAT,NA,EVENING,0,0.00,0.00,0.00,0.00,1.00,0.00,0.00,0.00,0.00,0.00,0.00,0.00,0.00,0.00,0.00,0.00,0.00,0.00,4156.78,4156.77,4156.90,4156.76,4156.76,-0.120,1.04,24.65,53.14,53.14,0.12,0.23,-0.12,4155.93,4157.32,182,242,57.1,14.3,5,1,CROSS=EMA9<EMA21;TREND=1;STRUCT=1;VOL=1;COOL=1;EMA50=1;VWAP=1;BIAS=1,0.00,0.00,20383.73,20383.73,outside the killzone window
850,2025.11.28 11:00:00,2025.11.28 13:30:00,SKIP,XAUUSD,M5,167,FLAT,NA,DAY,0,0.00,0.00,0.00,0.00,1.00,0.00,0.00,0.00,0.00,0.00,0.00,0.00,0.00,0.00,0.00,0.00,0.00,0.00,4177.87,4178.05,4173.40,4178.33,4178.28,0.999,4.66,62.16,40.16,40.16,-6.37,-4.88,-1.48,4183.68,4166.55,1,107,0.0,85.7,11,1,CROSS=EMA9<EMA21;TREND=1;STRUCT=1;VOL=1;COOL=1;EMA50=1;VWAP=1;BIAS=1,0.00,0.00,20383.73,20383.73,outside the killzone window
851,2025.11.28 16:10:00,2025.11.28 18:40:00,SKIP,XAUUSD,M5,167,FLAT,NA,EVENING,0,0.00,0.00,0.00,0.00,1.00,0.00,0.00,0.00,0.00,0.00,0.00,0.00,0.00,0.00,0.00,0.00,0.00,0.00,4174.87,4174.67,4173.01,4174.41,4174.44,0.384,4.31,23.77,67.88,67.88,2.54,0.88,1.66,4180.53,4185.90,853,303,71.4,14.3,5,1,CROSS=EMA9<EMA21;TREND=1;STRUCT=1;VOL=1;COOL=1;EMA50=1;VWAP=1;BIAS=1,0.00,0.00,20383.73,20383.73,outside the killzone window
852,2025.12.01 01:00:00,2025.12.01 03:30:00,MONTH_SUMMARY,XAUUSD,M5,167,FLAT,NA,DAY,0,0.00,0.00,0.00,0.00,1.00,0.00,0.00,0.00,0.00,0.00,0.00,0.00,0.00,0.00,0.00,0.00,-4.01,-395.23,4211.30,4201.62,4190.84,4210.96,4201.25,4.256,2.53,29.94,58.15,58.15,2.09,2.96,-0.87,4193.89,4219.51,560,692,71.4,14.3,8,1,CROSS=EMA9<EMA21;TREND=1;STRUCT=1;VOL=1;COOL=1;EMA50=1;VWAP=1;BIAS=1,0.00,0.00,20383.73,20383.73,days=4 trades=4 W=0 L=4 gross_profit=0.00 gross_loss=395.23 net=-395.23 PF=0.00 pips=-4223.0
853,2025.12.01 17:30:00,2025.12.01 20:00:00,SKIP,XAUUSD,M5,167,FLAT,NA,EVENING,0,0.00,0.00,0.00,0.00,1.00,0.00,0.00,0.00,0.00,0.00,0.00,0.00,0.00,0.00,0.00,0.00,0.00,0.00,4244.34,4244.64,4236.83,4245.00,4244.98,0.901,8.66,34.09,37.83,37.83,-5.91,-4.77,-1.14,4240.15,4228.06,1451,1386,14.3,85.7,8,1,CROSS=EMA9<EMA21;TREND=1;STRUCT=1;VOL=1;COOL=1;EMA50=1;VWAP=1;BIAS=1,0.00,0.00,20383.73,20383.73,outside the killzone window
854,2025.12.02 16:35:00,2025.12.02 19:05:00,SKIP,XAUUSD,M5,167,FLAT,NA,EVENING,0,0.00,0.00,0.00,0.00,1.00,0.00,0.00,0.00,0.00,0.00,0.00,0.00,0.00,0.00,0.00,0.00,0.00,0.00,4208.33,4208.21,4213.41,4207.59,4207.84,-1.137,4.58,55.89,75.02,75.02,6.24,4.12,2.12,4212.30,4226.36,1481,1007,85.7,14.3,10,1,CROSS=EMA9<EMA21;TREND=1;STRUCT=1;VOL=1;COOL=1;EMA50=1;VWAP=1;BIAS=1,0.00,0.00,20383.73,20383.73,outside the killzone window
855,2025.12.02 17:35:00,2025.12.02 20:05:00,SKIP,XAUUSD,M5,167,FLAT,NA,EVENING,0,0.00,0.00,0.00,0.00,1.00,0.00,0.00,0.00,0.00,0.00,0.00,0.00,0.00,0.00,0.00,0.00,0.00,0.00,4207.59,4208.01,4212.77,4208.58,4208.51,-0.627,7.59,48.56,23.56,23.56,-4.76,1.07,-5.83,4211.92,4183.37,1601,1389,0.0,100.0,10,1,CROSS=EMA9<EMA21;TREND=1;STRUCT=1;VOL=1;COOL=1;EMA50=1;VWAP=1;BIAS=1,0.00,0.00,20383.73,20383.73,outside the killzone window
856,2025.12.02 23:10:00,2025.12.03 01:40:00,SKIP,XAUUSD,M5,167,FLAT,NA,DAY,0,0.00,0.00,0.00,0.00,1.00,0.00,0.00,0.00,0.00,0.00,0.00,0.00,0.00,0.00,0.00,0.00,0.00,0.00,4198.72,4198.67,4203.53,4198.29,4198.45,-1.430,3.40,34.98,68.28,68.28,4.28,3.37,0.91,4205.52,4209.23,412,723,85.7,0.0,5,1,CROSS=EMA9<EMA21;TREND=1;STRUCT=1;VOL=1;COOL=1;EMA50=1;VWAP=1;BIAS=1,0.00,0.00,20383.73,20383.73,outside the killzone window
857,2025.12.03 09:25:00,2025.12.03 11:55:00,SKIP,XAUUSD,M5,167,FLAT,NA,DAY,0,0.00,0.00,0.00,0.00,1.00,0.00,0.00,0.00,0.00,0.00,0.00,0.00,0.00,0.00,0.00,0.00,0.00,0.00,4212.80,4212.91,4211.28,4213.19,4213.11,0.487,3.36,23.09,35.47,35.47,-2.54,-2.69,0.16,4215.35,4203.46,823,884,14.3,57.1,5,1,CROSS=EMA9<EMA21;TREND=1;STRUCT=1;VOL=1;COOL=1;EMA50=1;VWAP=1;BIAS=1,0.00,0.00,20383.73,20383.73,outside the killzone window
858,2025.12.03 15:25:00,2025.12.03 17:55:00,SKIP,XAUUSD,M5,167,FLAT,NA,EVENING,0,0.00,0.00,0.00,0.00,1.00,0.00,0.00,0.00,0.00,0.00,0.00,0.00,0.00,0.00,0.00,0.00,0.00,0.00,4208.16,4207.93,4208.43,4207.67,4207.68,-0.142,3.48,45.93,70.40,70.40,3.56,2.81,0.75,4211.05,4220.28,1268,907,85.7,14.3,9,1,CROSS=EMA9<EMA21;TREND=1;STRUCT=1;VOL=1;COOL=1;EMA50=1;VWAP=1;BIAS=1,0.00,0.00,20383.73,20383.73,outside the killzone window
859,2025.12.03 20:20:00,2025.12.03 22:50:00,SKIP,XAUUSD,M5,167,FLAT,NA,EVENING,0,0.00,0.00,0.00,0.00,1.00,0.00,0.00,0.00,0.00,0.00,0.00,0.00,0.00,0.00,0.00,0.00,0.00,0.00,4213.72,4213.75,4212.44,4214.20,4213.99,0.324,4.06,32.09,35.10,35.10,-3.11,-2.41,-0.70,4213.83,4202.01,1001,1130,0.0,85.7,5,1,CROSS=EMA9<EMA21;TREND=1;STRUCT=1;VOL=1;COOL=1;EMA50=1;VWAP=1;BIAS=1,0.00,0.00,20383.73,20383.73,outside the killzone window
860,2025.12.04 03:40:00,2025.12.04 06:10:00,ENTRY,XAUUSD,M5,169,BUY,FULLTGT,DAY,0,4214.52,4207.79,4207.79,6.73,1.00,6.73,4221.25,4227.97,4234.70,4241.43,4248.16,0.15,0.15,0.15,4214.52,0.00,0.00,0.00,4209.95,4209.92,4210.25,4209.77,4209.83,-0.098,3.36,15.39,58.00,58.00,1.20,1.15,0.05,4210.36,4214.45,813,742,85.7,0.0,5,1,CROSS=EMA9>EMA21;TREND=1;STRUCT=1;VOL=1;COOL=1;EMA50=1;VWAP=1;BIAS=1,0.00,0.00,20383.20,20382.45,KZ=ASIA; KZR=Asia H @ 4256.32 763 bars ago (high taken); DAY 12AM-4PM IST session: stop x1.00 of usual; no partials; full size to TP5; SL steps BE->TP1->TP2->TP3
861,2025.12.04 03:59:14,2025.12.04 06:29:14,EXIT_SL,XAUUSD,M5,169,BUY,FULLTGT,DAY,0,4214.52,4207.79,4207.79,6.73,1.00,6.73,4221.25,4227.97,4234.70,4241.43,4248.16,0.15,0.15,0.00,4207.79,0.00,-1.00,-102.01,4210.29,4210.10,4210.33,4210.28,4210.09,-0.066,3.53,15.18,48.14,48.14,1.04,1.16,-0.12,4210.73,4210.44,996,817,14.3,71.4,5,1,CROSS=EMA9>EMA21;TREND=1;STRUCT=1;VOL=1;COOL=1;EMA50=1;VWAP=1;BIAS=1,0.34,-1.00,20281.72,20281.72,stopped at the initial SL (x1.00 of usual)
862,2025.12.04 04:10:00,2025.12.04 06:40:00,ENTRY,XAUUSD,M5,171,SELL,FULLTGT,DAY,0,4203.91,4212.54,4212.54,8.63,1.00,8.63,4195.28,4186.65,4178.02,4169.38,4160.75,0.11,0.11,0.11,4203.91,0.00,0.00,0.00,4209.70,4209.81,4210.18,4209.94,4209.93,-0.085,4.32,24.68,38.11,38.11,-0.61,0.79,-1.40,4210.11,4203.85,1013,876,14.3,71.4,5,1,CROSS=EMA9<EMA21;TREND=1;STRUCT=1;VOL=1;COOL=1;EMA50=1;VWAP=1;BIAS=1,0.00,0.00,20281.33,20280.78,KZ=ASIA; KZR=Asia H @ 4256.32 769 bars ago (high taken); DAY 12AM-4PM IST session: stop x1.00 of usual; no partials; full size to TP5; SL steps BE->TP1->TP2->TP3
863,2025.12.04 05:02:28,2025.12.04 07:32:28,TP1_REACHED,XAUUSD,M5,171,SELL,FULLTGT,DAY,0,4203.91,4212.54,4212.54,8.63,1.00,8.63,4195.28,4186.65,4178.02,4169.38,4160.75,0.11,0.00,0.11,4195.28,1.00,1.00,0.00,4207.56,4208.62,4209.52,4207.84,4208.79,-0.256,3.51,24.04,36.97,36.97,-2.27,-1.79,-0.48,4208.43,4200.56,783,903,0.0,71.4,11,1,CROSS=EMA9<EMA21;TREND=1;STRUCT=1;VOL=1;COOL=1;EMA50=1;VWAP=1;BIAS=1,0.98,-0.42,20281.33,20376.81,full target: no partial booked
864,2025.12.04 07:38:26,2025.12.04 10:08:26,TP2_REACHED,XAUUSD,M5,171,SELL,FULLTGT,DAY,0,4203.91,4212.54,4212.54,8.63,1.00,8.63,4195.28,4186.65,4178.02,4169.38,4160.75,0.11,0.00,0.11,4186.65,2.00,2.00,0.00,4199.12,4202.63,4205.82,4199.31,4202.80,-1.275,2.50,22.01,45.05,45.05,-1.17,-1.11,-0.06,4203.13,4194.58,1275,676,0.0,85.7,12,1,CROSS=EMA9<EMA21;TREND=1;STRUCT=1;VOL=1;COOL=1;EMA50=1;VWAP=1;BIAS=1,2.00,-0.42,20281.33,20471.63,full target: no partial booked
865,2025.12.04 07:52:30,2025.12.04 10:22:30,TP3_REACHED,XAUUSD,M5,171,SELL,FULLTGT,DAY,0,4203.91,4212.54,4212.54,8.63,1.00,8.63,4195.28,4186.65,4178.02,4169.38,4160.75,0.11,0.00,0.11,4178.02,3.00,3.00,0.00,4197.31,4201.50,4205.15,4198.01,4201.93,-0.966,3.78,26.67,26.77,26.77,-3.34,-1.63,-1.70,4202.00,4180.19,1133,763,0.0,100.0,9,1,CROSS=EMA9<EMA21;TREND=1;STRUCT=1;VOL=1;COOL=1;EMA50=1;VWAP=1;BIAS=1,3.00,-0.42,20281.33,20566.45,full target: no partial booked
866,2025.12.04 13:25:00,2025.12.04 15:55:00,SKIP,XAUUSD,M5,171,SELL,FULLTGT,DAY,0,4203.91,4212.54,4212.54,8.63,1.00,8.63,4195.28,4186.65,4178.02,4169.38,4160.75,0.11,0.00,0.00,0.00,0.00,0.00,0.00,4196.58,4196.55,4199.61,4196.47,4196.49,-1.004,3.05,26.20,51.61,51.61,1.85,2.08,-0.23,4196.87,4199.32,750,711,71.4,28.6,8,1,CROSS=EMA9<EMA21;TREND=1;STRUCT=1;VOL=1;COOL=1;EMA50=1;VWAP=1;BIAS=1,3.34,-0.42,20281.33,20330.61,outside the killzone window
867,2025.12.04 14:45:00,2025.12.04 17:15:00,SKIP,XAUUSD,M5,171,SELL,FULLTGT,EVENING,0,4203.91,4212.54,4212.54,8.63,1.00,8.63,4195.28,4186.65,4178.02,4169.38,4160.75,0.11,0.00,0.00,0.00,0.00,0.00,0.00,4196.58,4196.62,4199.21,4196.74,4196.70,-0.781,3.32,32.69,41.28,41.28,-1.42,-0.32,-1.10,4196.85,4192.69,856,710,14.3,85.7,6,1,CROSS=EMA9<EMA21;TREND=1;STRUCT=1;VOL=1;COOL=1;EMA50=1;VWAP=1;BIAS=1,3.34,-0.42,20281.33,20403.87,outside the killzone window
868,2025.12.04 16:25:00,2025.12.04 18:55:00,SKIP,XAUUSD,M5,171,SELL,FULLTGT,EVENING,0,4203.91,4212.54,4212.54,8.63,1.00,8.63,4195.28,4186.65,4178.02,4169.38,4160.75,0.11,0.00,0.00,0.00,0.00,0.00,0.00,4196.46,4196.34,4198.53,4195.95,4196.09,-0.425,5.17,31.93,66.73,66.73,2.52,0.27,2.25,4196.54,4208.80,1125,1131,85.7,0.0,6,1,CROSS=EMA9<EMA21;TREND=1;STRUCT=1;VOL=1;COOL=1;EMA50=1;VWAP=1;BIAS=1,3.34,-0.75,20281.33,20226.88,outside the killzone window
869,2025.12.04 16:33:32,2025.12.04 19:03:32,EXIT_SL,XAUUSD,M5,171,SELL,FULLTGT,EVENING,0,4203.91,4212.54,4212.54,8.63,1.00,8.63,4195.28,4186.65,4178.02,4169.38,4160.75,0.11,0.11,0.00,4212.54,0.00,-1.00,-95.71,4196.92,4196.57,4198.63,4196.46,4196.34,-0.411,5.01,33.65,65.70,65.70,3.01,0.75,2.25,4196.62,4208.26,999,1136,85.7,0.0,10,1,CROSS=EMA9<EMA21;TREND=1;STRUCT=1;VOL=1;COOL=1;EMA50=1;VWAP=1;BIAS=1,3.34,-1.00,20186.01,20186.01,stopped at the initial SL (x1.00 of usual)
870,2025.12.05 01:00:00,2025.12.05 03:30:00,DAY_SUMMARY,XAUUSD,M5,171,FLAT,NA,DAY,0,0.00,0.00,0.00,0.00,1.00,0.00,0.00,0.00,0.00,0.00,0.00,0.00,0.00,0.00,0.00,0.00,-2.00,-197.72,4208.58,4207.05,4204.88,4208.58,4207.01,1.503,1.44,11.23,49.85,49.85,0.15,0.08,0.07,4200.74,4208.64,190,437,42.9,28.6,8,1,CROSS=EMA9<EMA21;TREND=1;STRUCT=1;VOL=1;COOL=1;EMA50=1;VWAP=1;BIAS=1,0.00,0.00,20186.01,20186.01,2025.12.04 trades=2 W=0 L=2 gross_profit=0.00 gross_loss=197.72 net=-197.72 PF=0.00
871,2025.12.05 03:10:00,2025.12.05 05:40:00,SKIP,XAUUSD,M5,171,FLAT,NA,DAY,0,0.00,0.00,0.00,0.00,1.00,0.00,0.00,0.00,0.00,0.00,0.00,0.00,0.00,0.00,0.00,0.00,0.00,0.00,4206.38,4206.41,4205.05,4206.69,4206.56,0.520,2.61,23.36,29.31,29.31,-1.62,-0.98,-0.64,4205.21,4198.93,827,544,0.0,85.7,5,1,CROSS=EMA9<EMA21;TREND=1;STRUCT=1;VOL=1;COOL=1;EMA50=1;VWAP=1;BIAS=1,0.00,0.00,20186.01,20186.01,already positioned that way
872,2025.12.05 06:15:00,2025.12.05 08:45:00,ENTRY,XAUUSD,M5,173,BUY,FULLTGT,DAY,0,4213.74,4208.77,4208.77,4.97,1.00,4.97,4218.71,4223.69,4228.66,4233.64,4238.61,0.20,0.20,0.20,4213.74,0.00,0.00,0.00,4205.43,4205.33,4204.71,4205.09,4205.16,0.249,2.49,39.76,69.46,69.46,2.41,1.48,0.93,4203.69,4213.76,635,702,85.7,0.0,5,1,CROSS=EMA9>EMA21;TREND=1;STRUCT=1;VOL=1;COOL=1;EMA50=1;VWAP=1;BIAS=1,0.00,0.00,20185.31,20184.31,KZ=ASIA; KZR=Asia H @ 4256.32 1082 bars ago (high taken); DAY 12AM-4PM IST session: stop x1.00 of usual; no partials; full size to TP5; SL steps BE->TP1->TP2->TP3
873,2025.12.05 07:27:40,2025.12.05 09:57:40,TP1_REACHED,XAUUSD,M5,173,BUY,FULLTGT,DAY,0,4213.74,4208.77,4208.77,4.97,1.00,4.97,4218.71,4223.69,4228.66,4233.64,4238.61,0.20,0.00,0.20,4218.71,1.00,1.00,0.00,4209.60,4207.71,4206.06,4209.32,4207.53,0.882,1.87,61.18,66.34,66.34,2.74,2.90,-0.16,4205.54,4216.48,522,607,71.4,14.3,5,1,CROSS=EMA9>EMA21;TREND=1;STRUCT=1;VOL=1;COOL=1;EMA50=1;VWAP=1;BIAS=1,1.00,-0.46,20185.31,20285.11,full target: no partial booked
874,2025.12.05 08:08:30,2025.12.05 10:38:30,TP2_REACHED,XAUUSD,M5,173,BUY,FULLTGT,DAY,0,4213.74,4208.77,4208.77,4.97,1.00,4.97,4218.71,4223.69,4228.66,4233.64,4238.61,0.20,0.00,0.20,4223.69,2.00,2.00,0.00,4212.47,4209.53,4207.13,4212.15,4209.32,1.149,2.09,52.90,73.22,73.22,2.91,2.98,-0.07,4207.25,4220.31,845,672,71.4,28.6,5,1,CROSS=EMA9>EMA21;TREND=1;STRUCT=1;VOL=1;COOL=1;EMA50=1;VWAP=1;BIAS=1,1.99,-0.46,20185.31,20385.51,full target: no partial booked
875,2025.12.05 08:24:39,2025.12.05 10:54:39,TP3_REACHED,XAUUSD,M5,173,BUY,FULLTGT,DAY,0,4213.74,4208.77,4208.77,4.97,1.00,4.97,4218.71,4223.69,4228.66,4233.64,4238.61,0.20,0.00,0.20,4228.66,3.00,3.00,0.00,4214.02,4210.50,4207.70,4213.52,4210.19,1.046,2.68,54.18,78.55,78.55,3.70,3.19,0.50,4208.22,4226.28,1028,734,100.0,0.0,5,1,CROSS=EMA9>EMA21;TREND=1;STRUCT=1;VOL=1;COOL=1;EMA50=1;VWAP=1;BIAS=1,3.00,-0.46,20185.31,20484.11,full target: no partial booked
876,2025.12.05 15:28:27,2025.12.05 17:58:27,TP4_REACHED,XAUUSD,M5,173,BUY,FULLTGT,EVENING,0,4213.74,4208.77,4208.77,4.97,1.00,4.97,4218.71,4223.69,4228.66,4233.64,4238.61,0.20,0.00,0.20,4233.64,4.00,4.00,0.00,4224.53,4222.02,4217.32,4224.35,4221.87,1.359,3.46,30.00,58.72,58.72,0.90,0.69,0.21,4216.29,4229.10,1057,793,100.0,0.0,8,1,CROSS=EMA9>EMA21;TREND=1;STRUCT=1;VOL=1;COOL=1;EMA50=1;VWAP=1;BIAS=1,3.99,-0.46,20185.31,20583.51,full target: no partial booked
877,2025.12.05 15:38:04,2025.12.05 18:08:04,TP5_EXIT,XAUUSD,M5,173,BUY,FULLTGT,EVENING,0,4213.74,4208.77,4208.77,4.97,1.00,4.97,4218.71,4223.69,4228.66,4233.64,4238.61,0.20,0.20,0.00,4238.62,5.00,5.00,0.00,4225.25,4222.48,4217.65,4224.87,4222.24,1.302,3.71,36.92,67.56,67.56,1.83,0.93,0.90,4216.64,4234.64,1227,869,100.0,0.0,7,1,CROSS=EMA9>EMA21;TREND=1;STRUCT=1;VOL=1;COOL=1;EMA50=1;VWAP=1;BIAS=1,5.00,-0.46,20682.21,20682.21,full target reached; closed in full
878,2025.12.05 15:38:05,2025.12.05 18:08:05,EXIT_TP,XAUUSD,M5,173,BUY,FULLTGT,EVENING,0,4213.74,4208.77,4208.77,4.97,1.00,4.97,4218.71,4223.69,4228.66,4233.64,4238.61,0.20,0.20,0.00,4238.62,0.00,5.00,496.20,4225.25,4222.48,4217.65,4224.87,4222.24,1.302,3.71,36.92,67.56,67.56,1.83,0.93,0.90,4216.64,4234.64,1227,869,100.0,0.0,7,1,CROSS=EMA9>EMA21;TREND=1;STRUCT=1;VOL=1;COOL=1;EMA50=1;VWAP=1;BIAS=1,5.00,-0.46,20682.21,20682.21,TP5 exit
879,2025.12.05 19:25:00,2025.12.05 21:55:00,SKIP,XAUUSD,M5,173,FLAT,NA,EVENING,0,0.00,0.00,0.00,0.00,1.00,0.00,0.00,0.00,0.00,0.00,0.00,0.00,0.00,0.00,0.00,0.00,0.00,0.00,4226.03,4226.18,4222.14,4226.47,4226.40,0.673,6.01,14.78,41.43,41.43,-5.36,-6.59,1.22,4221.22,4215.29,852,1315,14.3,57.1,5,1,CROSS=EMA9>EMA21;TREND=1;STRUCT=1;VOL=1;COOL=1;EMA50=1;VWAP=1;BIAS=1,0.00,0.00,20682.21,20682.21,outside the killzone window
880,2025.12.08 01:00:00,2025.12.08 03:30:00,DAY_SUMMARY,XAUUSD,M5,173,FLAT,NA,DAY,0,0.00,0.00,0.00,0.00,1.00,0.00,0.00,0.00,0.00,0.00,0.00,0.00,0.00,0.00,0.00,0.00,5.00,496.20,4205.30,4211.76,4215.13,4205.55,4212.02,-1.172,2.88,26.97,46.40,46.40,-2.83,-3.22,0.39,4218.50,4199.09,100,708,14.3,71.4,5,1,CROSS=EMA9>EMA21;TREND=1;STRUCT=1;VOL=1;COOL=1;EMA50=1;VWAP=1;BIAS=1,0.00,0.00,20682.21,20682.21,2025.12.05 trades=1 W=1 L=0 gross_profit=496.20 gross_loss=0.00 net=496.20 PF=0.00
881,2025.12.08 01:00:00,2025.12.08 03:30:00,WEEK_SUMMARY,XAUUSD,M5,173,FLAT,NA,DAY,0,0.00,0.00,0.00,0.00,1.00,0.00,0.00,0.00,0.00,0.00,0.00,0.00,0.00,0.00,0.00,0.00,3.00,298.48,4205.30,4211.76,4215.13,4205.55,4212.02,-1.172,2.88,26.97,46.40,46.40,-2.83,-3.22,0.39,4218.50,4199.09,100,708,14.3,71.4,5,1,CROSS=EMA9>EMA21;TREND=1;STRUCT=1;VOL=1;COOL=1;EMA50=1;VWAP=1;BIAS=1,0.00,0.00,20682.21,20682.21,days=2 trades=3 W=1 L=2 gross_profit=496.20 gross_loss=197.72 net=298.48 PF=2.51 pips=952.0
882,2025.12.08 07:45:00,2025.12.08 10:15:00,SKIP,XAUUSD,M5,173,FLAT,NA,DAY,0,0.00,0.00,0.00,0.00,1.00,0.00,0.00,0.00,0.00,0.00,0.00,0.00,0.00,0.00,0.00,0.00,0.00,0.00,4208.56,4208.53,4210.69,4208.31,4208.41,-0.826,2.62,29.13,64.25,64.25,0.92,0.27,0.65,4206.32,4214.66,733,498,100.0,0.0,5,1,CROSS=EMA9>EMA21;TREND=1;STRUCT=1;VOL=1;COOL=1;EMA50=1;VWAP=1;BIAS=1,0.00,0.00,20682.21,20682.21,already positioned that way
883,2025.12.08 12:20:00,2025.12.08 14:50:00,SKIP,XAUUSD,M5,173,FLAT,NA,DAY,0,0.00,0.00,0.00,0.00,1.00,0.00,0.00,0.00,0.00,0.00,0.00,0.00,0.00,0.00,0.00,0.00,0.00,0.00,4210.30,4210.34,4211.10,4210.39,4210.38,-0.283,2.70,13.45,45.39,45.39,-0.54,-0.70,0.16,4208.70,4208.27,368,607,14.3,57.1,8,1,CROSS=EMA9>EMA21;TREND=1;STRUCT=1;VOL=1;COOL=1;EMA50=1;VWAP=1;BIAS=1,0.00,0.00,20682.21,20682.21,outside the killzone window
884,2025.12.08 14:55:00,2025.12.08 17:25:00,SKIP,XAUUSD,M5,173,FLAT,NA,EVENING,0,0.00,0.00,0.00,0.00,1.00,0.00,0.00,0.00,0.00,0.00,0.00,0.00,0.00,0.00,0.00,0.00,0.00,0.00,4209.93,4209.86,4210.56,4209.78,4209.79,-0.277,2.52,25.25,59.03,59.03,1.21,1.06,0.16,4208.72,4213.51,703,609,100.0,0.0,10,1,CROSS=EMA9>EMA21;TREND=1;STRUCT=1;VOL=1;COOL=1;EMA50=1;VWAP=1;BIAS=1,0.00,0.00,20682.21,20682.21,outside the killzone window
885,2025.12.08 15:25:00,2025.12.08 17:55:00,SKIP,XAUUSD,M5,173,FLAT,NA,EVENING,0,0.00,0.00,0.00,0.00,1.00,0.00,0.00,0.00,0.00,0.00,0.00,0.00,0.00,0.00,0.00,0.00,0.00,0.00,4209.65,4209.73,4210.45,4209.87,4209.84,-0.211,3.42,20.59,38.56,38.56,-0.29,0.74,-1.03,4208.73,4204.30,1102,719,0.0,85.7,10,1,CROSS=EMA9>EMA21;TREND=1;STRUCT=1;VOL=1;COOL=1;EMA50=1;VWAP=1;BIAS=1,0.00,0.00,20682.21,20682.21,outside the killzone window
886,2025.12.09 06:25:00,2025.12.09 08:55:00,SKIP,XAUUSD,M5,173,FLAT,NA,DAY,0,0.00,0.00,0.00,0.00,1.00,0.00,0.00,0.00,0.00,0.00,0.00,0.00,0.00,0.00,0.00,0.00,0.00,0.00,4193.40,4193.40,4195.88,4193.35,4193.37,-1.288,1.92,18.03,53.63,53.63,0.51,0.59,-0.08,4193.44,4194.79,663,682,57.1,14.3,5,1,CROSS=EMA9>EMA21;TREND=1;STRUCT=1;VOL=1;COOL=1;EMA50=1;VWAP=1;BIAS=1,0.00,0.00,20682.21,20682.21,already positioned that way
887,2025.12.09 06:40:00,2025.12.09 09:10:00,ENTRY,XAUUSD,M5,175,SELL,FULLTGT,DAY,0,4191.74,4195.68,4195.68,3.94,1.00,3.94,4187.80,4183.86,4179.92,4175.99,4172.05,0.26,0.26,0.26,4191.74,0.00,0.00,0.00,4193.39,4193.39,4195.80,4193.45,4193.42,-1.224,1.97,16.05,43.35,43.35,0.17,0.47,-0.30,4193.44,4191.88,628,652,0.0,71.4,5,1,CROSS=EMA9<EMA21;TREND=1;STRUCT=1;VOL=1;COOL=1;EMA50=1;VWAP=1;BIAS=1,0.00,0.00,20681.30,20680.00,KZ=ASIA; KZR=Asia H @ 4256.32 2239 bars ago (high taken); DAY 12AM-4PM IST session: stop x1.00 of usual; no partials; full size to TP5; SL steps BE->TP1->TP2->TP3
888,2025.12.09 06:53:18,2025.12.09 09:23:18,TP1_REACHED,XAUUSD,M5,175,SELL,FULLTGT,DAY,0,4191.74,4195.68,4195.68,3.94,1.00,3.94,4187.80,4183.86,4179.92,4175.99,4172.05,0.26,0.00,0.26,4187.80,1.00,1.00,0.00,4193.04,4193.22,4195.67,4193.23,4193.31,-1.211,2.02,21.81,34.92,34.92,-0.57,0.24,-0.81,4193.32,4188.57,688,641,0.0,85.7,5,1,CROSS=EMA9<EMA21;TREND=1;STRUCT=1;VOL=1;COOL=1;EMA50=1;VWAP=1;BIAS=1,0.99,-0.06,20681.30,20783.74,full target: no partial booked
889,2025.12.09 07:06:37,2025.12.09 09:36:37,TP2_REACHED,XAUUSD,M5,175,SELL,FULLTGT,DAY,0,4191.74,4195.68,4195.68,3.94,1.00,3.94,4187.80,4183.86,4179.92,4175.99,4172.05,0.26,0.00,0.26,4183.86,2.00,2.00,0.00,4192.27,4192.81,4195.39,4192.52,4192.95,-1.112,2.32,33.66,32.54,32.54,-1.64,-0.38,-1.26,4192.99,4185.95,812,633,0.0,100.0,5,1,CROSS=EMA9<EMA21;TREND=1;STRUCT=1;VOL=1;COOL=1;EMA50=1;VWAP=1;BIAS=1,2.00,-0.06,20681.30,20886.18,full target: no partial booked
890,2025.12.09 07:50:42,2025.12.09 10:20:42,TP3_REACHED,XAUUSD,M5,175,SELL,FULLTGT,DAY,0,4191.74,4195.68,4195.68,3.94,1.00,3.94,4187.80,4183.86,4179.92,4175.99,4172.05,0.26,0.00,0.26,4179.92,3.00,3.00,0.00,4189.72,4191.34,4194.40,4190.02,4191.52,-1.161,2.64,44.67,32.77,32.77,-2.79,-2.37,-0.42,4191.56,4182.24,1078,735,14.3,85.7,5,1,CROSS=EMA9<EMA21;TREND=1;STRUCT=1;VOL=1;COOL=1;EMA50=1;VWAP=1;BIAS=1,3.00,-0.06,20681.30,20989.40,full target: no partial booked
891,2025.12.09 08:09:31,2025.12.09 10:39:31,TP4_REACHED,XAUUSD,M5,175,SELL,FULLTGT,DAY,0,4191.74,4195.68,4195.68,3.94,1.00,3.94,4187.80,4183.86,4179.92,4175.99,4172.05,0.26,0.00,0.26,4175.99,4.00,4.00,0.00,4188.53,4190.64,4193.95,4188.99,4190.90,-1.229,2.70,52.53,24.70,24.70,-3.32,-2.73,-0.59,4190.97,4177.41,791,777,0.0,100.0,5,1,CROSS=EMA9<EMA21;TREND=1;STRUCT=1;VOL=1;COOL=1;EMA50=1;VWAP=1;BIAS=1,3.99,-0.06,20681.30,21091.84,full target: no partial booked
892,2025.12.09 08:10:37,2025.12.09 10:40:37,TP5_EXIT,XAUUSD,M5,175,SELL,FULLTGT,DAY,0,4191.74,4195.68,4195.68,3.94,1.00,3.94,4187.80,4183.86,4179.92,4175.99,4172.05,0.26,0.26,0.00,4172.03,5.00,5.00,0.00,4187.98,4190.32,4193.76,4188.53,4190.64,-1.223,2.81,55.71,21.08,21.08,-3.73,-2.89,-0.83,4190.71,4174.46,957,796,0.0,100.0,2,1,CROSS=EMA9<EMA21;TREND=1;STRUCT=1;VOL=1;COOL=1;EMA50=1;VWAP=1;BIAS=1,5.00,-0.06,21192.85,21192.85,full target reached; closed in full
893,2025.12.09 08:10:38,2025.12.09 10:40:38,EXIT_TP,XAUUSD,M5,175,SELL,FULLTGT,DAY,0,4191.74,4195.68,4195.68,3.94,1.00,3.94,4187.80,4183.86,4179.92,4175.99,4172.05,0.26,0.26,0.00,4172.03,0.00,5.00,510.64,4187.98,4190.32,4193.76,4188.53,4190.64,-1.223,2.81,55.71,21.08,21.08,-3.73,-2.89,-0.83,4190.71,4174.46,957,796,0.0,100.0,2,1,CROSS=EMA9<EMA21;TREND=1;STRUCT=1;VOL=1;COOL=1;EMA50=1;VWAP=1;BIAS=1,5.00,-0.06,21192.85,21192.85,TP5 exit
894,2025.12.09 11:25:00,2025.12.09 13:55:00,SKIP,XAUUSD,M5,175,FLAT,NA,DAY,0,0.00,0.00,0.00,0.00,1.00,0.00,0.00,0.00,0.00,0.00,0.00,0.00,0.00,0.00,0.00,0.00,0.00,0.00,4189.00,4188.84,4191.50,4188.19,4188.43,-0.723,3.68,55.80,83.60,83.60,5.89,3.31,2.59,4188.92,4208.82,1166,862,85.7,14.3,5,1,CROSS=EMA9<EMA21;TREND=1;STRUCT=1;VOL=1;COOL=1;EMA50=1;VWAP=1;BIAS=1,0.00,0.00,21192.85,21192.85,outside the killzone window
895,2025.12.10 01:00:00,2025.12.10 03:30:00,DAY_SUMMARY,XAUUSD,M5,175,FLAT,NA,DAY,0,0.00,0.00,0.00,0.00,1.00,0.00,0.00,0.00,0.00,0.00,0.00,0.00,0.00,0.00,0.00,0.00,5.00,510.64,4209.62,4207.64,4204.05,4209.68,4207.63,2.299,1.56,26.23,41.44,41.44,-0.47,-0.05,-0.43,4199.43,4208.10,218,667,28.6,57.1,5,1,CROSS=EMA9<EMA21;TREND=1;STRUCT=1;VOL=1;COOL=1;EMA50=1;VWAP=1;BIAS=1,0.00,0.00,21192.85,21192.85,2025.12.09 trades=1 W=1 L=0 gross_profit=510.64 gross_loss=0.00 net=510.64 PF=0.00
896,2025.12.10 07:05:00,2025.12.10 09:35:00,SKIP,XAUUSD,M5,175,FLAT,NA,DAY,0,0.00,0.00,0.00,0.00,1.00,0.00,0.00,0.00,0.00,0.00,0.00,0.00,0.00,0.00,0.00,0.00,0.00,0.00,4209.74,4209.74,4207.45,4209.84,4209.79,1.363,1.68,20.08,43.41,43.41,-1.20,-1.46,0.26,4211.57,4207.22,310,449,14.3,57.1,5,1,CROSS=EMA9<EMA21;TREND=1;STRUCT=1;VOL=1;COOL=1;EMA50=1;VWAP=1;BIAS=1,0.00,0.00,21192.85,21192.85,already positioned that way
897,2025.12.10 21:15:00,2025.12.10 23:45:00,SKIP,XAUUSD,M5,175,FLAT,NA,EVENING,0,0.00,0.00,0.00,0.00,1.00,0.00,0.00,0.00,0.00,0.00,0.00,0.00,0.00,0.00,0.00,0.00,0.00,0.00,4199.46,4199.38,4200.68,4198.94,4199.12,-0.250,5.19,33.17,66.64,66.64,1.91,-0.51,2.43,4202.46,4212.26,1548,844,85.7,14.3,5,1,CROSS=EMA9<EMA21;TREND=1;STRUCT=1;VOL=1;COOL=1;EMA50=1;VWAP=1;BIAS=1,0.00,0.00,21192.85,21192.85,outside the killzone window
898,2025.12.11 06:55:00,2025.12.11 09:25:00,SKIP,XAUUSD,M5,175,FLAT,NA,DAY,0,0.00,0.00,0.00,0.00,1.00,0.00,0.00,0.00,0.00,0.00,0.00,0.00,0.00,0.00,0.00,0.00,0.00,0.00,4221.37,4221.49,4216.89,4221.68,4221.64,1.619,2.84,31.92,41.52,41.52,-3.12,-3.43,0.32,4228.48,4213.72,744,728,28.6,71.4,5,1,CROSS=EMA9<EMA21;TREND=1;STRUCT=1;VOL=1;COOL=1;EMA50=1;VWAP=1;BIAS=1,0.00,0.00,21192.85,21192.85,already positioned that way
899,2025.12.11 16:10:00,2025.12.11 18:40:00,SKIP,XAUUSD,M5,175,FLAT,NA,EVENING,0,0.00,0.00,0.00,0.00,1.00,0.00,0.00,0.00,0.00,0.00,0.00,0.00,0.00,0.00,0.00,0.00,0.00,0.00,4216.49,4216.45,4215.90,4216.18,4216.29,0.105,5.23,22.74,62.74,62.74,1.57,0.27,1.30,4220.47,4224.19,1080,951,85.7,0.0,9,1,CROSS=EMA9<EMA21;TREND=1;STRUCT=1;VOL=1;COOL=1;EMA50=1;VWAP=1;BIAS=1,0.00,0.00,21192.85,21192.85,outside the killzone window
900,2025.12.12 18:40:00,2025.12.12 21:10:00,SKIP,XAUUSD,M5,175,FLAT,NA,EVENING,0,0.00,0.00,0.00,0.00,1.00,0.00,0.00,0.00,0.00,0.00,0.00,0.00,0.00,0.00,0.00,0.00,0.00,0.00,4314.16,4314.41,4302.01,4316.11,4315.38,0.880,14.10,34.69,28.02,28.02,-15.13,-13.31,-1.82,4302.92,4266.41,1613,1645,0.0,85.7,10,1,CROSS=EMA9<EMA21;TREND=1;STRUCT=1;VOL=1;COOL=1;EMA50=1;VWAP=1;BIAS=1,0.00,0.00,21192.85,21192.85,outside the killzone window
901,2025.12.15 01:00:00,2025.12.15 03:30:00,WEEK_SUMMARY,XAUUSD,M5,175,FLAT,NA,DAY,0,0.00,0.00,0.00,0.00,1.00,0.00,0.00,0.00,0.00,0.00,0.00,0.00,0.00,0.00,0.00,0.00,5.00,510.64,4299.31,4301.52,4298.99,4299.29,4301.56,0.925,2.74,25.81,50.16,50.16,1.21,1.46,-0.25,4300.16,4299.72,156,643,42.9,42.9,5,1,CROSS=EMA9<EMA21;TREND=1;STRUCT=1;VOL=1;COOL=1;EMA50=1;VWAP=1;BIAS=1,0.00,0.00,21192.85,21192.85,days=1 trades=1 W=1 L=0 gross_profit=510.64 gross_loss=0.00 net=510.64 PF=0.00 pips=1971.0
902,2025.12.15 03:05:00,2025.12.15 05:35:00,ENTRY,XAUUSD,M5,177,BUY,FULLTGT,DAY,0,4313.12,4305.56,4305.56,7.56,1.00,7.56,4320.68,4328.25,4335.81,4343.37,4350.93,0.14,0.14,0.14,4313.12,0.00,0.00,0.00,4302.91,4302.85,4300.28,4302.50,4302.64,0.679,3.78,34.97,66.30,66.30,1.65,0.79,0.85,4305.00,4313.08,1368,566,100.0,0.0,5,1,CROSS=EMA9>EMA21;TREND=1;STRUCT=1;VOL=1;COOL=1;EMA50=1;VWAP=1;BIAS=1,0.00,0.00,21192.36,21191.66,KZ=ASIA; KZR=Asia H @ 4240.82 989 bars ago (high taken); DAY 12AM-4PM IST session: stop x1.00 of usual; no partials; full size to TP5; SL steps BE->TP1->TP2->TP3
903,2025.12.15 03:39:36,2025.12.15 06:09:36,TP1_REACHED,XAUUSD,M5,177,BUY,FULLTGT,DAY,0,4313.12,4305.56,4305.56,7.56,1.00,7.56,4320.68,4328.25,4335.81,4343.37,4350.93,0.14,0.00,0.14,4320.68,1.00,1.00,0.00,4305.29,4304.10,4301.08,4304.79,4303.83,0.801,3.78,47.97,69.42,69.42,3.35,2.14,1.21,4307.30,4317.58,905,708,100.0,0.0,5,1,CROSS=EMA9>EMA21;TREND=1;STRUCT=1;VOL=1;COOL=1;EMA50=1;VWAP=1;BIAS=1,0.99,-0.89,21192.36,21298.34,full target: no partial booked
904,2025.12.15 04:32:25,2025.12.15 07:02:25,TP2_REACHED,XAUUSD,M5,177,BUY,FULLTGT,DAY,0,4313.12,4305.56,4305.56,7.56,1.00,7.56,4320.68,4328.25,4335.81,4343.37,4350.93,0.14,0.00,0.14,4328.25,2.00,2.00,0.00,4311.55,4307.80,4303.34,4311.03,4307.47,1.201,3.72,61.74,65.34,65.34,4.68,4.90,-0.22,4311.99,4324.26,523,885,71.4,14.3,5,1,CROSS=EMA9>EMA21;TREND=1;STRUCT=1;VOL=1;COOL=1;EMA50=1;VWAP=1;BIAS=1,2.00,-0.89,21192.36,21404.32,full target: no partial booked
905,2025.12.15 07:32:41,2025.12.15 10:02:41,TP3_REACHED,XAUUSD,M5,177,BUY,FULLTGT,DAY,0,4313.12,4305.56,4305.56,7.56,1.00,7.56,4320.68,4328.25,4335.81,4343.37,4350.93,0.14,0.00,0.14,4335.81,3.00,3.00,0.00,4323.26,4317.58,4310.44,4322.99,4317.33,3.084,2.31,20.89,62.12,62.12,0.91,0.82,0.09,4318.87,4329.81,772,641,85.7,0.0,5,1,CROSS=EMA9>EMA21;TREND=1;STRUCT=1;VOL=1;COOL=1;EMA50=1;VWAP=1;BIAS=1,3.00,-0.89,21192.36,21510.44,full target: no partial booked
906,2025.12.15 07:57:38,2025.12.15 10:27:38,TP4_REACHED,XAUUSD,M5,177,BUY,FULLTGT,DAY,0,4313.12,4305.56,4305.56,7.56,1.00,7.56,4320.68,4328.25,4335.81,4343.37,4350.93,0.14,0.00,0.14,4343.37,4.00,4.00,0.00,4326.11,4319.61,4311.83,4325.46,4319.15,2.590,3.00,44.96,78.26,78.26,3.63,1.81,1.82,4320.42,4341.93,685,721,85.7,0.0,5,1,CROSS=EMA9>EMA21;TREND=1;STRUCT=1;VOL=1;COOL=1;EMA50=1;VWAP=1;BIAS=1,4.00,-0.89,21192.36,21616.28,full target: no partial booked
907,2025.12.15 16:55:00,2025.12.15 19:25:00,SKIP,XAUUSD,M5,177,BUY,FULLTGT,EVENING,0,4313.12,4305.56,4305.56,7.56,1.00,7.56,4320.68,4328.25,4335.81,4343.37,4350.93,0.14,0.00,0.00,0.00,0.00,0.00,0.00,4336.31,4336.66,4330.50,4337.04,4337.03,0.883,6.98,32.57,31.14,31.14,-4.41,-3.74,-0.67,4331.71,4318.30,1544,1179,0.0,100.0,10,1,CROSS=EMA9>EMA21;TREND=1;STRUCT=1;VOL=1;COOL=1;EMA50=1;VWAP=1;BIAS=1,4.92,-0.89,21192.36,21266.28,outside the killzone window
908,2025.12.15 18:05:38,2025.12.15 20:35:38,EXIT_SL,XAUUSD,M5,177,BUY,FULLTGT,EVENING,0,4313.12,4305.56,4305.56,7.56,1.00,7.56,4320.68,4328.25,4335.81,4343.37,4350.93,0.14,0.14,0.00,4305.56,0.00,-1.00,-106.82,4329.15,4332.52,4329.10,4330.03,4333.03,0.401,8.55,26.02,35.13,35.13,-4.27,-4.37,0.10,4330.33,4307.62,1515,1438,14.3,85.7,10,1,CROSS=EMA9>EMA21;TREND=1;STRUCT=1;VOL=1;COOL=1;EMA50=1;VWAP=1;BIAS=1,4.92,-0.99,21086.03,21086.03,stopped at the initial SL (x1.00 of usual)
909,2025.12.16 01:00:00,2025.12.16 03:30:00,DAY_SUMMARY,XAUUSD,M5,177,FLAT,NA,DAY,0,0.00,0.00,0.00,0.00,1.00,0.00,0.00,0.00,0.00,0.00,0.00,0.00,0.00,0.00,0.00,0.00,-1.00,-106.82,4307.02,4312.03,4316.96,4307.11,4312.17,-2.415,2.04,28.65,48.98,48.98,-1.27,-1.53,0.26,4322.85,4304.91,175,547,14.3,71.4,5,1,CROSS=EMA9>EMA21;TREND=1;STRUCT=1;VOL=1;COOL=1;EMA50=1;VWAP=1;BIAS=1,0.00,0.00,21086.03,21086.03,2025.12.15 trades=1 W=0 L=1 gross_profit=0.00 gross_loss=106.82 net=-106.82 PF=0.00
910,2025.12.16 15:35:00,2025.12.16 18:05:00,SKIP,XAUUSD,M5,177,FLAT,NA,EVENING,0,0.00,0.00,0.00,0.00,1.00,0.00,0.00,0.00,0.00,0.00,0.00,0.00,0.00,0.00,0.00,0.00,0.00,0.00,4287.71,4287.59,4293.16,4286.90,4287.19,-1.434,3.88,37.16,80.08,80.08,5.39,4.27,1.13,4291.55,4307.42,1545,916,100.0,0.0,14,1,CROSS=EMA9>EMA21;TREND=1;STRUCT=1;VOL=1;COOL=1;EMA50=1;VWAP=1;BIAS=1,0.00,0.00,21086.03,21086.03,outside the killzone window
911,2025.12.17 12:40:00,2025.12.17 15:10:00,SKIP,XAUUSD,M5,177,FLAT,NA,DAY,0,0.00,0.00,0.00,0.00,1.00,0.00,0.00,0.00,0.00,0.00,0.00,0.00,0.00,0.00,0.00,0.00,0.00,0.00,4320.22,4320.33,4316.87,4320.57,4320.50,1.092,3.16,21.15,34.64,34.64,-1.14,-0.57,-0.58,4321.64,4311.65,903,612,0.0,85.7,8,1,CROSS=EMA9>EMA21;TREND=1;STRUCT=1;VOL=1;COOL=1;EMA50=1;VWAP=1;BIAS=1,0.00,0.00,21086.03,21086.03,outside the killzone window
912,2025.12.17 15:25:00,2025.12.17 17:55:00,SKIP,XAUUSD,M5,177,FLAT,NA,EVENING,0,0.00,0.00,0.00,0.00,1.00,0.00,0.00,0.00,0.00,0.00,0.00,0.00,0.00,0.00,0.00,0.00,0.00,0.00,4319.88,4319.84,4317.50,4319.50,4319.65,0.650,3.59,27.63,70.02,70.02,2.08,0.60,1.48,4321.30,4329.33,1313,729,85.7,14.3,9,1,CROSS=EMA9>EMA21;TREND=1;STRUCT=1;VOL=1;COOL=1;EMA50=1;VWAP=1;BIAS=1,0.00,0.00,21086.03,21086.03,outside the killzone window
913,2025.12.18 03:45:00,2025.12.18 06:15:00,ENTRY,XAUUSD,M5,179,SELL,FULLTGT,DAY,0,4326.92,4333.59,4333.59,6.67,1.00,6.67,4320.25,4313.57,4306.90,4300.23,4293.56,0.15,0.15,0.15,4326.92,0.00,0.00,0.00,4335.37,4335.47,4331.86,4335.72,4335.65,1.082,3.34,45.33,34.46,34.46,-3.41,-2.65,-0.75,4334.03,4326.92,1068,823,14.3,85.7,5,1,CROSS=EMA9<EMA21;TREND=1;STRUCT=1;VOL=1;COOL=1;EMA50=1;VWAP=1;BIAS=1,0.00,0.00,21085.50,21084.75,KZ=ASIA; KZR=Asia H @ 4240.82 1861 bars ago (high taken); DAY 12AM-4PM IST session: stop x1.00 of usual; no partials; full size to TP5; SL steps BE->TP1->TP2->TP3
914,2025.12.18 04:02:38,2025.12.18 06:32:38,EXIT_SL,XAUUSD,M5,179,SELL,FULLTGT,DAY,0,4326.92,4333.59,4333.59,6.67,1.00,6.67,4320.25,4313.57,4306.90,4300.23,4293.56,0.15,0.15,0.00,4333.61,0.00,-1.00,-101.41,4334.63,4335.09,4331.77,4334.76,4335.16,0.994,3.33,37.84,48.02,48.02,-2.78,-3.12,0.33,4333.37,4331.53,934,887,28.6,71.4,5,1,CROSS=EMA9<EMA21;TREND=1;STRUCT=1;VOL=1;COOL=1;EMA50=1;VWAP=1;BIAS=1,0.30,-1.00,20984.62,20984.62,stopped at the initial SL (x1.00 of usual)
915,2025.12.18 16:30:00,2025.12.18 19:00:00,SKIP,XAUUSD,M5,179,FLAT,NA,EVENING,0,0.00,0.00,0.00,0.00,1.00,0.00,0.00,0.00,0.00,0.00,0.00,0.00,0.00,0.00,0.00,0.00,0.00,0.00,4328.78,4328.76,4329.56,4328.62,4328.68,-0.137,5.79,26.12,53.77,53.77,3.37,3.63,-0.26,4330.88,4332.82,1204,1171,71.4,28.6,6,1,CROSS=EMA9<EMA21;TREND=1;STRUCT=1;VOL=1;COOL=1;EMA50=1;VWAP=1;BIAS=1,0.00,0.00,20984.62,20984.62,outside the killzone window
916,2025.12.18 16:45:00,2025.12.18 19:15:00,SKIP,XAUUSD,M5,179,FLAT,NA,EVENING,0,0.00,0.00,0.00,0.00,1.00,0.00,0.00,0.00,0.00,0.00,0.00,0.00,0.00,0.00,0.00,0.00,0.00,0.00,4328.38,4328.57,4329.44,4328.97,4328.86,-0.126,6.89,25.13,31.32,31.32,0.71,3.30,-2.59,4330.75,4314.00,1830,1316,0.0,100.0,11,1,CROSS=EMA9<EMA21;TREND=1;STRUCT=1;VOL=1;COOL=1;EMA50=1;VWAP=1;BIAS=1,0.00,0.00,20984.62,20984.62,outside the killzone window
917,2025.12.18 17:35:00,2025.12.18 20:05:00,SKIP,XAUUSD,M5,179,FLAT,NA,EVENING,0,0.00,0.00,0.00,0.00,1.00,0.00,0.00,0.00,0.00,0.00,0.00,0.00,0.00,0.00,0.00,0.00,0.00,0.00,4329.01,4328.83,4329.48,4328.59,4328.62,-0.078,8.30,17.44,60.73,60.73,1.38,0.14,1.24,4330.51,4339.24,1436,1471,71.4,0.0,5,1,CROSS=EMA9<EMA21;TREND=1;STRUCT=1;VOL=1;COOL=1;EMA50=1;VWAP=1;BIAS=1,0.00,0.00,20984.62,20984.62,outside the killzone window
918,2025.12.18 22:00:00,2025.12.19 00:30:00,SKIP,XAUUSD,M5,179,FLAT,NA,DAY,0,0.00,0.00,0.00,0.00,1.00,0.00,0.00,0.00,0.00,0.00,0.00,0.00,0.00,0.00,0.00,0.00,0.00,0.00,4334.29,4334.35,4333.21,4334.66,4334.54,0.261,4.37,22.33,40.35,40.35,-2.68,-2.33,-0.35,4333.54,4325.04,1126,1043,14.3,71.4,5,1,CROSS=EMA9<EMA21;TREND=1;STRUCT=1;VOL=1;COOL=1;EMA50=1;VWAP=1;BIAS=1,0.00,0.00,20984.62,20984.62,outside the killzone window
919,2025.12.19 01:00:00,2025.12.19 03:30:00,DAY_SUMMARY,XAUUSD,M5,179,FLAT,NA,DAY,0,0.00,0.00,0.00,0.00,1.00,0.00,0.00,0.00,0.00,0.00,0.00,0.00,0.00,0.00,0.00,0.00,-1.00,-101.41,4333.39,4333.80,4333.16,4333.43,4333.83,0.309,2.09,24.62,49.22,49.22,-0.28,-0.19,-0.09,4333.51,4332.34,181,576,0.0,71.4,5,1,CROSS=EMA9<EMA21;TREND=1;STRUCT=1;VOL=1;COOL=1;EMA50=1;VWAP=1;BIAS=1,0.00,0.00,20984.62,20984.62,2025.12.18 trades=1 W=0 L=1 gross_profit=0.00 gross_loss=101.41 net=-101.41 PF=0.00
920,2025.12.19 11:40:00,2025.12.19 14:10:00,SKIP,XAUUSD,M5,179,FLAT,NA,DAY,0,0.00,0.00,0.00,0.00,1.00,0.00,0.00,0.00,0.00,0.00,0.00,0.00,0.00,0.00,0.00,0.00,0.00,0.00,4325.42,4325.39,4326.91,4325.34,4325.35,-0.736,2.06,15.53,55.01,55.01,0.57,0.52,0.05,4323.76,4327.40,436,561,71.4,0.0,9,1,CROSS=EMA9<EMA21;TREND=1;STRUCT=1;VOL=1;COOL=1;EMA50=1;VWAP=1;BIAS=1,0.00,0.00,20984.62,20984.62,outside the killzone window
921,2025.12.22 01:00:00,2025.12.22 03:30:00,WEEK_SUMMARY,XAUUSD,M5,179,FLAT,NA,DAY,0,0.00,0.00,0.00,0.00,1.00,0.00,0.00,0.00,0.00,0.00,0.00,0.00,0.00,0.00,0.00,0.00,-2.00,-208.23,4342.30,4341.29,4337.60,4342.47,4341.36,2.411,1.53,48.18,38.38,38.38,-1.91,-2.28,0.38,4332.79,4338.16,118,425,42.9,42.9,5,1,CROSS=EMA9<EMA21;TREND=1;STRUCT=1;VOL=1;COOL=1;EMA50=1;VWAP=1;BIAS=1,0.00,0.00,20984.62,20984.62,days=2 trades=2 W=0 L=2 gross_profit=0.00 gross_loss=208.23 net=-208.23 PF=0.00 pips=-1425.0
922,2025.12.23 16:35:00,2025.12.23 19:05:00,SKIP,XAUUSD,M5,179,FLAT,NA,EVENING,0,0.00,0.00,0.00,0.00,1.00,0.00,0.00,0.00,0.00,0.00,0.00,0.00,0.00,0.00,0.00,0.00,0.00,0.00,4481.75,4481.77,4472.95,4482.73,4482.25,1.090,8.09,46.61,21.02,21.02,-6.54,-3.41,-3.13,4481.48,4457.90,1982,1320,0.0,100.0,10,1,CROSS=EMA9<EMA21;TREND=1;STRUCT=1;VOL=1;COOL=1;EMA50=1;VWAP=1;BIAS=1,0.00,0.00,20984.62,20984.62,outside the killzone window
923,2025.12.23 21:10:00,2025.12.23 23:40:00,SKIP,XAUUSD,M5,179,FLAT,NA,EVENING,0,0.00,0.00,0.00,0.00,1.00,0.00,0.00,0.00,0.00,0.00,0.00,0.00,0.00,0.00,0.00,0.00,0.00,0.00,4474.18,4473.95,4470.96,4473.45,4473.58,0.715,4.17,43.67,71.35,71.35,4.58,2.97,1.60,4475.74,4491.97,1264,1148,85.7,14.3,5,1,CROSS=EMA9<EMA21;TREND=1;STRUCT=1;VOL=1;COOL=1;EMA50=1;VWAP=1;BIAS=1,0.00,0.00,20984.62,20984.62,outside the killzone window
924,2025.12.24 08:15:00,2025.12.24 10:45:00,SKIP,XAUUSD,M5,179,FLAT,NA,DAY,0,0.00,0.00,0.00,0.00,1.00,0.00,0.00,0.00,0.00,0.00,0.00,0.00,0.00,0.00,0.00,0.00,0.00,0.00,4496.12,4496.16,4490.66,4496.26,4496.23,1.324,4.16,21.17,48.04,48.04,-1.80,-1.39,-0.41,4502.78,4492.83,929,1007,0.0,71.4,5,1,CROSS=EMA9<EMA21;TREND=1;STRUCT=1;VOL=1;COOL=1;EMA50=1;VWAP=1;BIAS=1,0.00,0.00,20984.62,20984.62,outside the killzone window
925,2025.12.26 01:45:00,2025.12.26 04:15:00,SKIP,XAUUSD,M5,179,FLAT,NA,DAY,0,0.00,0.00,0.00,0.00,1.00,0.00,0.00,0.00,0.00,0.00,0.00,0.00,0.00,0.00,0.00,0.00,0.00,0.00,4482.66,4482.44,4484.28,4482.12,4482.16,-0.284,6.50,25.64,65.35,65.35,4.94,3.83,1.11,4492.21,4496.07,577,587,85.7,0.0,5,1,CROSS=EMA9<EMA21;TREND=1;STRUCT=1;VOL=1;COOL=1;EMA50=1;VWAP=1;BIAS=1,0.00,0.00,20984.62,20984.62,outside the killzone window
926,2025.12.29 02:35:00,2025.12.29 05:05:00,SKIP,XAUUSD,M5,179,FLAT,NA,DAY,0,0.00,0.00,0.00,0.00,1.00,0.00,0.00,0.00,0.00,0.00,0.00,0.00,0.00,0.00,0.00,0.00,0.00,0.00,4525.11,4525.58,4521.36,4526.24,4526.15,0.431,9.80,54.56,30.65,30.65,-8.48,-3.00,-5.48,4523.00,4497.25,1348,941,14.3,85.7,9,1,CROSS=EMA9<EMA21;TREND=1;STRUCT=1;VOL=1;COOL=1;EMA50=1;VWAP=1;BIAS=1,0.00,0.00,20984.62,20984.62,outside the killzone window
927,2025.12.30 05:50:00,2025.12.30 08:20:00,ENTRY,XAUUSD,M5,181,BUY,FULLTGT,DAY,0,4364.49,4355.92,4355.92,8.57,1.00,8.57,4373.06,4381.63,4390.20,4398.76,4407.33,0.12,0.12,0.12,4364.49,0.00,0.00,0.00,4352.65,4352.42,4373.91,4352.17,4352.18,-5.015,4.28,23.13,60.72,60.72,4.60,4.89,-0.29,4348.69,4364.44,809,976,57.1,14.3,5,1,CROSS=EMA9>EMA21;TREND=1;STRUCT=1;VOL=1;COOL=1;EMA50=1;VWAP=1;BIAS=1,0.00,0.00,20984.20,20983.60,KZ=ASIA; KZR=Asia L @ 4378.61 159 bars ago (low taken); DAY 12AM-4PM IST session: stop x1.00 of usual; no partials; full size to TP5; SL steps BE->TP1->TP2->TP3
928,2025.12.30 07:24:31,2025.12.30 09:54:31,TP1_REACHED,XAUUSD,M5,181,BUY,FULLTGT,DAY,0,4364.49,4355.92,4355.92,8.57,1.00,8.57,4373.06,4381.63,4390.20,4398.76,4407.33,0.12,0.00,0.12,4373.06,1.00,1.00,0.00,4358.05,4355.64,4372.11,4357.78,4355.46,-5.425,3.04,18.79,55.44,55.44,1.47,2.11,-0.65,4350.66,4364.60,666,506,71.4,14.3,12,1,CROSS=EMA9>EMA21;TREND=1;STRUCT=1;VOL=1;COOL=1;EMA50=1;VWAP=1;BIAS=1,0.99,-0.95,20984.20,21087.04,full target: no partial booked
929,2025.12.30 09:49:58,2025.12.30 12:19:58,TP2_REACHED,XAUUSD,M5,181,BUY,FULLTGT,DAY,0,4364.49,4355.92,4355.92,8.57,1.00,8.57,4373.06,4381.63,4390.20,4398.76,4407.33,0.12,0.00,0.12,4381.63,2.00,2.00,0.00,4366.17,4362.04,4371.67,4365.73,4361.73,-1.850,5.21,29.33,62.92,62.92,1.23,-0.18,1.40,4357.34,4377.03,775,1076,85.7,0.0,11,1,CROSS=EMA9>EMA21;TREND=1;STRUCT=1;VOL=1;COOL=1;EMA50=1;VWAP=1;BIAS=1,2.00,-0.95,20984.20,21189.88,full target: no partial booked
930,2025.12.30 10:29:17,2025.12.30 12:59:17,EXIT_SL,XAUUSD,M5,181,BUY,FULLTGT,DAY,0,4364.49,4355.92,4355.92,8.57,1.00,8.57,4373.06,4381.63,4390.20,4398.76,4407.33,0.12,0.12,0.00,4355.91,0.00,-1.00,-103.80,4367.26,4363.27,4371.58,4367.51,4363.31,-1.482,5.61,24.43,40.85,40.85,-0.13,1.30,-1.43,4358.40,4361.18,1005,996,28.6,57.1,8,1,CROSS=EMA9>EMA21;TREND=1;STRUCT=1;VOL=1;COOL=1;EMA50=1;VWAP=1;BIAS=1,2.19,-0.99,20880.82,20880.82,stopped at the initial SL (x1.00 of usual)
931,2025.12.30 18:10:00,2025.12.30 20:40:00,SKIP,XAUUSD,M5,181,FLAT,NA,EVENING,0,0.00,0.00,0.00,0.00,1.00,0.00,0.00,0.00,0.00,0.00,0.00,0.00,0.00,0.00,0.00,0.00,0.00,0.00,4375.96,4376.32,4376.30,4376.79,4376.73,0.002,8.03,26.94,34.85,34.85,-5.55,-5.22,-0.32,4368.91,4355.79,1228,1438,0.0,85.7,7,1,CROSS=EMA9>EMA21;TREND=1;STRUCT=1;VOL=1;COOL=1;EMA50=1;VWAP=1;BIAS=1,0.00,0.00,20880.82,20880.82,outside the killzone window
932,2025.12.30 23:58:59,2025.12.31 02:28:59,DAY_SUMMARY,XAUUSD,M5,181,FLAT,NA,DAY,0,0.00,0.00,0.00,0.00,1.00,0.00,0.00,0.00,0.00,0.00,0.00,0.00,0.00,0.00,0.00,0.00,-1.00,-103.80,4354.74,4361.66,4367.51,4355.41,4362.14,-1.424,4.10,15.81,32.70,32.70,-3.22,-3.33,0.11,4367.14,4338.27,659,708,14.3,57.1,40,1,CROSS=EMA9>EMA21;TREND=1;STRUCT=1;VOL=1;COOL=1;EMA50=1;VWAP=1;BIAS=1,0.00,0.00,20880.82,20880.82,2025.12.30 trades=1 W=0 L=1 gross_profit=0.00 gross_loss=103.80 net=-103.80 PF=0.00
